3.13982 -0.0992798 1.859 -1.271 0.0992798 0.00011224 0.0219517 0.54618 1.19315 0.535944 1.27454 0.540081 1.35782 0.558533 1.44303 1.859 -1.271 0 4.12358e-35 0
1.859 -1.27101 1.859 -1.271 1.281 0.00011224 0.0219517 0.385492 0.57714 0.448763 0.482655 0.521396 0.390924 0.599618 0.30265 0.776574 0.27799 0.325 1.36909e-31 0
1.859 -1.27101 1.859 -1.271 1.281 0.00011224 0.0219517 0.385492 0.57714 0.448763 0.482655 0.521396 0.390924 0.599618 0.30265 0.776574 0.27799 0.338 1.36909e-31 0
1.859 -1.27101 1.859 -1.271 1.281 0.776574 0.27799 0.385492 0.57714 0.448763 0.482655 0.521396 0.390924 0.599618 0.30265 0.776574 0.27799 0.316 1.36909e-31 0
1.859 -1.27101 1.859 -1.271 1.281 0.776574 0.27799 0.385492 0.57714 0.448763 0.482655 0.521396 0.390924 0.599618 0.30265 0.776574 0.27799 0.319 1.36909e-31 0
1.89783 -1.26204 1.859 -1.271 1.26204 0.776574 0.27799 0.385492 0.57714 0.448763 0.482655 0.521396 0.390924 0.599618 0.30265 0.753035 0.276027 0.32 4.27537e-31 0
1.89783 -1.26204 1.859 -1.271 1.26204 0.776574 0.27799 0.385492 0.57714 0.448763 0.482655 0.521396 0.390924 0.599618 0.30265 0.753035 0.276027 0.321 4.52104e-31 0
1.93666 -1.24773 1.859 -1.271 1.24773 0.776574 0.27799 0.369 0.59653 0.427597 0.504095 0.496224 0.414947 0.572011 0.329383 0.729496 0.272896 0.333 7.12899e-33 0
1.97549 -1.23381 1.859 -1.271 1.23381 0.753035 0.276027 0.352012 0.617544 0.404469 0.527685 0.468869 0.441246 0.541514 0.359592 0.705958 0.269852 0.332 1.08858e-32 0
1.97549 -1.23381 1.859 -1.271 1.23381 0.753035 0.276027 0.352012 0.617544 0.404469 0.527685 0.468869 0.441246 0.541514 0.359592 0.705958 0.269852 0.332 1.08858e-32 0
2.01314 -1.21988 1.859 -1.271 1.21988 0.705958 0.269852 0.336225 0.638099 0.382535 0.550491 0.442231 0.467526 0.511237 0.389473 0.683132 0.266805 0.317 1.27843e-32 0
2.01314 -1.21988 1.859 -1.271 1.21988 0.705958 0.269852 0.336225 0.638099 0.382535 0.550491 0.442231 0.467526 0.511237 0.389473 0.683132 0.266805 0.321 1.27843e-32 0
2.04844 -1.20611 1.859 -1.271 1.20611 0.683132 0.266805 0.322197 0.657952 0.361716 0.572967 0.416172 0.493498 0.481495 0.419081 0.661733 0.263795 0.421 1.36077e-32 0
2.04844 -1.20611 1.859 -1.271 1.20611 0.683132 0.266805 0.322197 0.657952 0.361716 0.572967 0.416172 0.493498 0.481495 0.419081 0.661733 0.263795 0.31 1.36077e-32 0
2.08259 -1.19267 1.859 -1.271 1.19267 0.661733 0.263795 0.309368 0.676461 0.342083 0.594389 0.391338 0.517918 0.453238 0.447548 0.641027 0.260855 0.31 2.1581e-32 0
2.08259 -1.19267 1.859 -1.271 1.19267 0.661733 0.263795 0.309368 0.676461 0.342083 0.594389 0.391338 0.517918 0.453238 0.447548 0.641027 0.260855 0.309 2.1581e-32 0
2.11568 -1.17937 1.859 -1.271 1.17937 0.661733 0.263795 0.297663 0.694433 0.32349 0.615237 0.367491 0.541855 0.425749 0.475275 0.620969 0.257946 0.321 9.48454e-33 0
2.14877 -1.16622 1.859 -1.271 1.16622 0.641027 0.260855 0.287445 0.711939 0.306094 0.635272 0.344572 0.565378 0.39858 0.502255 0.60091 0.255069 0.308 2.38495e-33 0
2.14877 -1.16622 1.859 -1.271 1.16622 0.641027 0.260855 0.287445 0.711939 0.306094 0.635272 0.344572 0.565378 0.39858 0.502255 0.60091 0.255069 0.321 2.38495e-33 0
2.18082 -1.15306 1.859 -1.271 1.15306 0.60091 0.255069 0.277956 0.729378 0.289011 0.655439 0.321521 0.589074 0.37127 0.529451 0.58148 0.252191 0.308 1.62958e-32 0
2.18082 -1.15306 1.859 -1.271 1.15306 0.60091 0.255069 0.277956 0.729378 0.289011 0.655439 0.321521 0.589074 0.37127 0.529451 0.58148 0.252191 0.321 1.62958e-32 0
2.21086 -1.14007 1.859 -1.271 1.14007 0.58148 0.252191 0.270322 0.74601 0.273287 0.675183 0.299348 0.611903 0.344632 0.556158 0.563265 0.249351 0.308 6.69419e-33 0
2.21086 -1.14007 1.859 -1.271 1.14007 0.58148 0.252191 0.270322 0.74601 0.273287 0.675183 0.299348 0.611903 0.344632 0.556158 0.563265 0.249351 0.321 6.69419e-33 0
2.23994 -1.12738 1.859 -1.271 1.12738 0.563265 0.249351 0.263801 0.761641 0.259304 0.693861 0.278925 0.633579 0.319493 0.581495 0.54564 0.246576 0.307 8.56095e-33 0
2.23994 -1.12738 1.859 -1.271 1.12738 0.563265 0.249351 0.263801 0.761641 0.259304 0.693861 0.278925 0.633579 0.319493 0.581495 0.54564 0.246576 0.311 8.56095e-33 0
2.2681 -1.11483 1.859 -1.271 1.11483 0.54564 0.246576 0.258492 0.776741 0.246416 0.711719 0.259262 0.654662 0.295071 0.605778 0.528567 0.243831 0.307 4.65489e-33 0
2.2681 -1.11483 1.859 -1.271 1.11483 0.54564 0.246576 0.258492 0.776741 0.246416 0.711719 0.259262 0.654662 0.295071 0.605778 0.528567 0.243831 0.321 4.65489e-33 0
2.29538 -1.10243 1.859 -1.271 1.10243 0.528567 0.243831 0.254089 0.79139 0.234964 0.728993 0.240585 0.675244 0.27107 0.629484 0.512028 0.241117 0.318 7.25661e-33 0
2.29538 -1.10243 1.859 -1.271 1.10243 0.528567 0.243831 0.254089 0.79139 0.234964 0.728993 0.240585 0.675244 0.27107 0.629484 0.512028 0.241117 0.323 7.25661e-33 0
2.32181 -1.09016 1.859 -1.271 1.09016 0.512028 0.241117 0.250408 0.805427 0.22417 0.745801 0.223265 0.695169 0.247913 0.652593 0.496006 0.238434 0.308 7.22299e-33 0
2.32181 -1.09016 1.859 -1.271 1.09016 0.512028 0.241117 0.250408 0.805427 0.22417 0.745801 0.223265 0.695169 0.247913 0.652593 0.496006 0.238434 0.322 7.22299e-33 0
2.34741 -1.07803 1.859 -1.271 1.07803 0.496006 0.238434 0.248288 0.818774 0.214246 0.762143 0.206615 0.714329 0.225663 0.6751 0.480486 0.235782 0.309 1.85551e-33 0
2.34741 -1.07803 1.859 -1.271 1.07803 0.496006 0.238434 0.248288 0.818774 0.214246 0.762143 0.206615 0.714329 0.225663 0.6751 0.480486 0.235782 0.322 1.85551e-33 0
2.37221 -1.06604 1.859 -1.271 1.06604 0.480486 0.235782 0.246865 0.831681 0.20606 0.778024 0.190877 0.732976 0.204058 0.697008 0.439992 0.216336 0.427 2.86645e-15 0
2.37221 -1.06604 1.859 -1.271 1.06604 0.480486 0.235782 0.246865 0.831681 0.20606 0.778024 0.190877 0.732976 0.204058 0.697008 0.439992 0.216336 0.441 3.00276e-15 0
2.39624 -1.05419 1.859 -1.271 1.05419 0.439992 0.216336 0.24652 0.844167 0.198751 0.793424 0.176143 0.751114 0.183132 0.7182 0.380554 0.184061 0.452 8.83797e-16 0
2.41824 -1.0431 1.859 -1.271 1.0431 0.439992 0.216336 0.246694 0.856242 0.193039 0.808087 0.162485 0.768747 0.163354 0.73862 0.318896 0.149742 0.462 1.20205e-15 0
2.41824 -1.0431 1.859 -1.271 1.0431 0.439992 0.216336 0.246694 0.856242 0.193039 0.808087 0.162485 0.768747 0.163354 0.73862 0.318896 0.149742 0.448 2.69709e-15 0
2.44024 -1.03235 1.859 -1.271 1.03235 0.318896 0.149742 0.247249 0.867308 0.188245 0.821561 0.150916 0.784971 0.145476 0.757411 0.244965 0.107688 0.564 1.8891e-15 0
2.44024 -1.03235 1.859 -1.271 1.03235 0.318896 0.149742 0.247249 0.867308 0.188245 0.821561 0.150916 0.784971 0.145476 0.757411 0.244965 0.107688 0.472 5.70051e-15 0
2.45618 -1.02393 1.859 -1.271 1.02393 0.244965 0.107688 0.248477 0.87815 0.18386 0.834917 0.140536 0.801026 0.127681 0.776016 0.174678 0.0667477 0.49 1.06606e-14 0
2.46843 -1.01807 1.859 -1.271 1.01807 0.244965 0.107688 0.25004 0.886038 0.181599 0.844824 0.1331 0.812762 0.114596 0.78983 0.0955011 0.0201013 0.504 5.10488e-15 0
2.46843 -1.01807 1.859 -1.271 1.01807 0.244965 0.107688 0.25004 0.886038 0.181599 0.844824 0.1331 0.812762 0.114596 0.78983 0.0955011 0.0201013 0.505 1.12292e-14 0
2.48068 -1.01279 1.859 -1.271 1.01279 0.0955011 0.0201013 0.251493 0.891913 0.180364 0.8522 0.127717 0.821484 0.105082 0.800096 -0.0184315 -0.0475004 0.496 5.05895e-15 0
2.48068 -1.01279 1.859 -1.271 1.01279 0.0955011 0.0201013 0.251493 0.891913 0.180364 0.8522 0.127717 0.821484 0.105082 0.800096 -0.0184315 -0.0475004 0.512 4.35577e-15 0
2.48545 -1.01059 1.859 -1.271 1.01059 -0.0184315 -0.0475004 0.252924 0.897728 0.179275 0.859467 0.122888 0.830042 0.0962364 0.810134 -0.0634093 -0.0742644 0.504 3.24537e-14 0
2.48453 -1.01218 1.859 -1.271 1.01218 -0.0184315 -0.0475004 0.253612 0.900182 0.179002 0.862493 0.121146 0.833573 0.0926987 0.814243 -0.0496309 -0.0659656 0.513 2.57185e-14 0
2.48453 -1.01218 1.859 -1.271 1.01218 -0.0184315 -0.0475004 0.253612 0.900182 0.179002 0.862493 0.121146 0.833573 0.0926987 0.814243 -0.0496309 -0.0659656 0.515 8.89842e-15 0
2.48361 -1.0147 1.859 -1.271 1.0147 -0.0496309 -0.0659656 0.253511 0.899645 0.179174 0.86173 0.121727 0.8326 0.0937942 0.813033 -0.0318291 -0.0551687 0.516 6.82839e-15 0
2.48361 -1.0147 1.859 -1.271 1.0147 -0.0496309 -0.0659656 0.253511 0.899645 0.179174 0.86173 0.121727 0.8326 0.0937942 0.813033 -0.0318291 -0.0551687 0.515 2.58021e-15 0
2.48113 -1.01778 1.859 -1.271 1.01778 -0.0318291 -0.0551687 0.25342 0.898996 0.179445 0.860766 0.12253 0.831342 0.0952432 0.811443 1.9362e-05 -0.0359588 0.511 1.45161e-14 0
2.48113 -1.01778 1.859 -1.271 1.01778 -0.0318291 -0.0551687 0.25342 0.898996 0.179445 0.860766 0.12253 0.831342 0.0952432 0.811443 1.9362e-05 -0.0359588 0.514 6.78637e-15 0
2.47954 -1.02075 1.859 -1.271 1.02075 1.9362e-05 -0.0359588 0.25317 0.897756 0.179836 0.85903 0.123866 0.82915 0.097677 0.808731 -0.0138798 -0.0441426 0.526 3.46383e-15 0
2.47954 -1.02284 1.859 -1.271 1.02284 1.9362e-05 -0.0359588 0.253032 0.896845 0.180211 0.857707 0.124986 0.827442 0.0996167 0.806589 0.00445369 -0.0329165 0.5 6.93377e-15 0
2.47954 -1.02284 1.859 -1.271 1.02284 1.9362e-05 -0.0359588 0.253032 0.896845 0.180211 0.857707 0.124986 0.827442 0.0996167 0.806589 0.00445369 -0.0329165 0.506 5.04117e-15 0
2.47954 -1.02465 1.859 -1.271 1.02465 0.00445369 -0.0329165 0.253102 0.896744 0.180452 0.8574 0.12546 0.826935 0.100341 0.805856 0.0203833 -0.0231305 0.491 1.72799e-14 0
2.47954 -1.02465 1.859 -1.271 1.02465 0.00445369 -0.0329165 0.253102 0.896744 0.180452 0.8574 0.12546 0.826935 0.100341 0.805856 0.0203833 -0.0231305 0.496 1.65967e-14 0
2.47976 -1.02637 1.859 -1.271 1.02637 0.0203833 -0.0231305 0.253175 0.896701 0.180665 0.857176 0.125863 0.826534 0.100947 0.805257 0.0322632 -0.015754 0.5 5.23249e-15 0
2.48078 -1.0277 1.859 -1.271 1.0277 0.0203833 -0.0231305 0.253265 0.896725 0.180859 0.857046 0.126191 0.826253 0.101418 0.804806 0.0289588 -0.0175276 0.502 1.15404e-14 0
2.48078 -1.0277 1.859 -1.271 1.0277 0.0203833 -0.0231305 0.253265 0.896725 0.180859 0.857046 0.126191 0.826253 0.101418 0.804806 0.0289588 -0.0175276 0.5 1.87125e-15 0
2.4818 -1.02888 1.859 -1.271 1.02888 0.0289588 -0.0175276 0.25345 0.897127 0.180982 0.857394 0.126203 0.826539 0.101305 0.805024 0.0244424 -0.0200592 0.505 8.57285e-15 0
2.4818 -1.02888 1.859 -1.271 1.02888 0.0289588 -0.0175276 0.25345 0.897127 0.180982 0.857394 0.126203 0.826539 0.101305 0.805024 0.0244424 -0.0200592 0.497 2.72146e-14 0
2.48325 -1.02987 1.859 -1.271 1.02987 0.0244424 -0.0200592 0.25364 0.897564 0.181093 0.857789 0.126179 0.826883 0.101132 0.805314 0.0119247 -0.0274495 0.514 8.44999e-15 0
2.48325 -1.02987 1.859 -1.271 1.02987 0.0244424 -0.0200592 0.25364 0.897564 0.181093 0.857789 0.126179 0.826883 0.101132 0.805314 0.0119247 -0.0274495 0.514 1.08336e-14 0
2.48447 -1.03087 1.859 -1.271 1.03087 0.0244424 -0.0200592 0.253879 0.898179 0.181171 0.858417 0.125999 0.827508 0.100669 0.80594 0.0028651 -0.032777 0.52 3.87945e-14 0
2.48569 -1.03191 1.859 -1.271 1.03191 0.0119247 -0.0274495 0.254095 0.898713 0.181261 0.858942 0.125885 0.828014 0.100328 0.806427 -0.00575879 -0.0378539 0.514 1.04571e-14 0
2.48569 -1.03191 1.859 -1.271 1.03191 0.0119247 -0.0274495 0.254095 0.898713 0.181261 0.858942 0.125885 0.828014 0.100328 0.806427 -0.00575879 -0.0378539 0.519 6.5421e-15 0
2.48629 -1.03323 1.859 -1.271 1.03323 -0.00575879 -0.0378539 0.254309 0.899226 0.181358 0.859444 0.125789 0.828492 0.100015 0.806882 -0.00287311 -0.0359417 0.484 2.24213e-15 0
2.48629 -1.03323 1.859 -1.271 1.03323 -0.00575879 -0.0378539 0.254309 0.899226 0.181358 0.859444 0.125789 0.828492 0.100015 0.806882 -0.00287311 -0.0359417 0.489 2.90109e-14 0
2.486 -1.03503 1.859 -1.271 1.03503 -0.00287311 -0.0359417 0.254446 0.899457 0.181499 0.85959 0.12592 0.828549 0.100129 0.80684 0.0172482 -0.0235052 0.471 3.62628e-15 0
2.48586 -1.0369 1.859 -1.271 1.0369 -0.00287311 -0.0359417 0.254466 0.899254 0.18171 0.859187 0.126398 0.827954 0.100903 0.806029 0.0359434 -0.0118866 0.491 8.44106e-15 0
2.48586 -1.0369 1.859 -1.271 1.0369 -0.00287311 -0.0359417 0.254466 0.899254 0.18171 0.859187 0.126398 0.827954 0.100903 0.806029 0.0359434 -0.0118866 0.479 1.18089e-14 0
2.48571 -1.03874 1.859 -1.271 1.03874 0.0359434 -0.0118866 0.254504 0.899089 0.181927 0.858827 0.126862 0.827406 0.101636 0.805268 0.0542942 -0.000446948 0.467 5.79507e-15 0
2.48571 -1.03874 1.859 -1.271 1.03874 0.0359434 -0.0118866 0.254504 0.899089 0.181927 0.858827 0.126862 0.827406 0.101636 0.805268 0.0542942 -0.000446948 0.481 1.41974e-14 0
2.48751 -1.03969 1.859 -1.271 1.03969 0.0542942 -0.000446948 0.254549 0.898951 0.182143 0.858496 0.127314 0.826889 0.102343 0.804542 0.0365317 -0.0110992 0.492 5.56245e-15 0
2.49023 -1.03987 1.859 -1.271 1.03987 0.0542942 -0.000446948 0.254835 0.899698 0.182214 0.859286 0.127047 0.827703 0.101702 0.805388 -0.0013452 -0.0341841 0.486 2.03149e-14 0
2.49023 -1.03987 1.859 -1.271 1.03987 0.0542942 -0.000446948 0.254835 0.899698 0.182214 0.859286 0.127047 0.827703 0.101702 0.805388 -0.0013452 -0.0341841 0.48 2.02068e-14 0
2.49294 -1.03991 1.859 -1.271 1.03991 -0.0013452 -0.0341841 0.255258 0.900958 0.182201 0.86073 0.126368 0.829301 0.100261 0.807165 -0.0403714 -0.0580687 0.484 8.20211e-15 0
2.49294 -1.03991 1.859 -1.271 1.03991 -0.0013452 -0.0341841 0.255258 0.900958 0.182201 0.86073 0.126368 0.829301 0.100261 0.807165 -0.0403714 -0.0580687 0.501 1.16633e-14 0
2.49287 -1.04121 1.859 -1.271 1.04121 -0.0403714 -0.0580687 0.255688 0.902217 0.182193 0.862188 0.12569 0.830925 0.0987715 0.808983 -0.0278426 -0.0502606 0.488 5.95542e-15 0
2.49085 -1.04388 1.859 -1.271 1.04388 -0.0403714 -0.0580687 0.255738 0.902187 0.182346 0.862022 0.125982 0.830626 0.0992292 0.808535 0.0252078 -0.0173995 0.492 4.21995e-15 0
2.49085 -1.04388 1.859 -1.271 1.04388 -0.0403714 -0.0580687 0.255738 0.902187 0.182346 0.862022 0.125982 0.830626 0.0992292 0.808535 0.0252078 -0.0173995 0.478 5.78077e-15 0
2.48884 -1.04686 1.859 -1.271 1.04686 0.0252078 -0.0173995 0.255507 0.901132 0.182657 0.860553 0.127086 0.828774 0.101271 0.806246 0.0712378 0.0112413 0.485 3.25445e-15 0
2.48884 -1.04686 1.859 -1.271 1.04686 0.0252078 -0.0173995 0.255507 0.901132 0.182657 0.860553 0.127086 0.828774 0.101271 0.806246 0.0712378 0.0112413 0.478 1.92679e-14 0
2.4901 -1.0483 1.859 -1.271 1.0483 0.0712378 0.0112413 0.255293 0.900045 0.183024 0.859024 0.128294 0.826834 0.103417 0.803837 0.0684339 0.00979131 0.496 1.02426e-14 0
2.49366 -1.0481 1.859 -1.271 1.0481 0.0712378 0.0112413 0.255514 0.900501 0.183164 0.859435 0.128293 0.82719 0.103258 0.804134 0.0221517 -0.0186931 0.485 2.30947e-14 0
2.49366 -1.0481 1.859 -1.271 1.0481 0.0712378 0.0112413 0.255514 0.900501 0.183164 0.859435 0.128293 0.82719 0.103258 0.804134 0.0221517 -0.0186931 0.485 5.164e-15 0
2.49722 -1.04754 1.859 -1.271 1.04754 0.0221517 -0.0186931 0.256063 0.902162 0.183106 0.861381 0.12732 0.829379 0.101233 0.806607 -0.034321 -0.0536592 0.485 8.46437e-15 0
2.49722 -1.04754 1.859 -1.271 1.04754 0.0221517 -0.0186931 0.256063 0.902162 0.183106 0.861381 0.12732 0.829379 0.101233 0.806607 -0.034321 -0.0536592 0.493 5.63601e-15 0
2.49833 -1.04812 1.859 -1.271 1.04812 -0.034321 -0.0536592 0.256629 0.90386 0.183049 0.863398 0.126319 0.831672 0.0990613 0.80922 -0.0451417 -0.0603182 0.489 6.36736e-15 0
2.49661 -1.05042 1.859 -1.271 1.05042 -0.034321 -0.0536592 0.256845 0.904388 0.183127 0.86395 0.126177 0.832235 0.0986278 0.8098 0.00022868 -0.0319576 0.515 2.99475e-15 0
2.49661 -1.05042 1.859 -1.271 1.05042 -0.034321 -0.0536592 0.256845 0.904388 0.183127 0.86395 0.126177 0.832235 0.0986278 0.8098 0.00022868 -0.0319576 0.486 1.72809e-14 0
2.4949 -1.05319 1.859 -1.271 1.05319 0.00022868 -0.0319576 0.256642 0.903513 0.183375 0.86272 0.127084 0.830675 0.100368 0.807863 0.0497189 -0.000905165 0.495 2.40106e-14 0
2.4949 -1.05319 1.859 -1.271 1.05319 0.00022868 -0.0319576 0.256642 0.903513 0.183375 0.86272 0.127084 0.830675 0.100368 0.807863 0.0497189 -0.000905165 0.455 1.78452e-14 0
2.49491 -1.05511 1.859 -1.271 1.05511 0.0497189 -0.000905165 0.256443 0.902559 0.183682 0.861368 0.128126 0.828952 0.102292 0.805717 0.0637276 0.00807548 0.471 1.92269e-14 0
2.49491 -1.05511 1.859 -1.271 1.05511 0.0497189 -0.000905165 0.256443 0.902559 0.183682 0.861368 0.128126 0.828952 0.102292 0.805717 0.0637276 0.00807548 0.455 7.36135e-15 0
2.49739 -1.05556 1.859 -1.271 1.05556 0.0497189 -0.000905165 0.256501 0.902454 0.183897 0.861077 0.128555 0.82848 0.102965 0.805041 0.0349865 -0.009702 0.474 4.60188e-15 0
2.49988 -1.05561 1.859 -1.271 1.05561 0.0637276 0.00807548 0.256909 0.903559 0.18394 0.862322 0.128039 0.829839 0.101778 0.806535 -0.00033949 -0.0317242 0.489 5.39189e-15 0
2.49988 -1.05561 1.859 -1.271 1.05561 0.0637276 0.00807548 0.256909 0.903559 0.18394 0.862322 0.128039 0.829839 0.101778 0.806535 -0.00033949 -0.0317242 0.487 1.04443e-14 0
2.50307 -1.05536 1.859 -1.271 1.05536 -0.00033949 -0.0317242 0.257334 0.904741 0.183962 0.863683 0.127448 0.831349 0.100412 0.80822 -0.0483535 -0.0617928 0.487 9.67798e-15 0
2.50307 -1.05536 1.859 -1.271 1.05536 -0.00033949 -0.0317242 0.257334 0.904741 0.183962 0.863683 0.127448 0.831349 0.100412 0.80822 -0.0483535 -0.0617928 0.493 1.02095e-14 0
2.50305 -1.05646 1.859 -1.271 1.05646 -0.0483535 -0.0617927 0.257857 0.906188 0.183964 0.865394 0.126667 0.833286 0.0985862 0.81042 -0.038212 -0.0553529 0.487 2.93443e-15 0
2.50063 -1.05925 1.859 -1.271 1.05925 -0.0483535 -0.0617927 0.257916 0.906212 0.184097 0.865304 0.126899 0.833085 0.0989407 0.810094 0.0215375 -0.0176058 0.502 9.84107e-15 0
2.50063 -1.05925 1.859 -1.271 1.05925 -0.0483535 -0.0617927 0.257916 0.906212 0.184097 0.865304 0.126899 0.833085 0.0989407 0.810094 0.0215375 -0.0176058 0.49 2.92231e-15 0
2.49821 -1.06242 1.859 -1.271 1.06242 0.0215375 -0.0176058 0.257593 0.904977 0.184379 0.863616 0.128058 0.830978 0.101245 0.807507 0.0724368 0.0146856 0.507 1.06541e-15 0
2.49821 -1.06242 1.859 -1.271 1.06242 0.0215375 -0.0176058 0.257593 0.904977 0.184379 0.863616 0.128058 0.830978 0.101245 0.807507 0.0724368 0.0146856 0.49 5.89386e-15 0
2.49929 -1.0639 1.859 -1.271 1.0639 0.0724368 0.0146856 0.257289 0.903699 0.184723 0.861849 0.129344 0.828758 0.10368 0.804769 0.071303 0.0142327 0.56 8.60937e-15 0
2.49929 -1.0639 1.859 -1.271 1.0639 0.0724368 0.0146856 0.257289 0.903699 0.184723 0.861849 0.129344 0.828758 0.10368 0.804769 0.071303 0.0142327 0.472 1.94654e-14 0
2.50291 -1.06356 1.859 -1.271 1.06356 0.0724368 0.0146856 0.257493 0.904064 0.184882 0.862152 0.129418 0.828991 0.103644 0.804925 0.0276406 -0.0132178 0.485 7.55011e-15 0
2.50654 -1.06282 1.859 -1.271 1.06282 0.071303 0.0142327 0.258088 0.90575 0.184867 0.86414 0.12848 0.831238 0.101553 0.807475 -0.030709 -0.0501432 0.485 5.48571e-15 0
2.50654 -1.06282 1.859 -1.271 1.06282 0.071303 0.0142327 0.258088 0.90575 0.184867 0.86414 0.12848 0.831238 0.101553 0.807475 -0.030709 -0.0501432 0.501 6.90116e-15 0
2.5101 -1.06214 1.859 -1.271 1.06214 -0.030709 -0.0501432 0.258704 0.907477 0.184834 0.866206 0.127504 0.8336 0.0992983 0.810181 -0.0876962 -0.0863209 0.484 3.82833e-15 0
2.5101 -1.06214 1.859 -1.271 1.06214 -0.030709 -0.0501432 0.258704 0.907477 0.184834 0.866206 0.127504 0.8336 0.0992983 0.810181 -0.0876962 -0.0863209 0.486 4.26182e-15 0
2.50857 -1.06387 1.859 -1.271 1.06387 -0.0876962 -0.0863209 0.259317 0.909124 0.184807 0.868185 0.126555 0.835869 0.0971103 0.812787 -0.050177 -0.0624161 0.616 7.18312e-15 0
2.50418 -1.06784 1.859 -1.271 1.06784 -0.0876962 -0.0863209 0.25913 0.908453 0.184992 0.867226 0.127267 0.834641 0.0985064 0.811252 0.0481984 0.000354518 0.477 4.66817e-15 0
2.50418 -1.06784 1.859 -1.271 1.06784 -0.0876962 -0.0863209 0.25913 0.908453 0.184992 0.867226 0.127267 0.834641 0.0985064 0.811252 0.0481984 0.000354518 0.491 1.77665e-14 0
2.4998 -1.07225 1.859 -1.271 1.07225 0.0481984 0.000354518 0.258478 0.90625 0.185373 0.86431 0.129109 0.831071 0.102309 0.806931 0.10504 0.0367893 0.482 2.50269e-14 0
2.4998 -1.07225 1.859 -1.271 1.07225 0.0481984 0.000354518 0.258478 0.90625 0.185373 0.86431 0.129109 0.831071 0.102309 0.806931 0.10504 0.0367893 0.475 1.34345e-14 0
2.50221 -1.07335 1.859 -1.271 1.07335 0.10504 0.0367893 0.257885 0.904025 0.185849 0.861331 0.13114 0.827374 0.106224 0.802461 0.0927529 0.0292984 0.475 2.08859e-14 0
2.50221 -1.07335 1.859 -1.271 1.07335 0.10504 0.0367893 0.257885 0.904025 0.185849 0.861331 0.13114 0.827374 0.106224 0.802461 0.0927529 0.0292984 0.474 3.8196e-15 0
2.50746 -1.0719 1.859 -1.271 1.0719 0.0927529 0.0292984 0.258275 0.904949 0.185956 0.862332 0.130812 0.828432 0.105379 0.803582 0.0382364 -0.0054087 0.488 7.17495e-15 0
2.5121 -1.07033 1.859 -1.271 1.07033 0.0927529 0.0292984 0.259143 0.907477 0.185849 0.865387 0.129269 0.83197 0.102007 0.807641 -0.0417743 -0.0566924 0.485 7.47266e-15 0
2.5121 -1.07033 1.859 -1.271 1.07033 0.0927529 0.0292984 0.259143 0.907477 0.185849 0.865387 0.129269 0.83197 0.102007 0.807641 -0.0417743 -0.0566924 0.498 3.20724e-15 0
2.51673 -1.06891 1.859 -1.271 1.06891 -0.0417743 -0.0566924 0.259942 0.909708 0.185746 0.868114 0.127906 0.835137 0.0989087 0.811314 -0.120305 -0.107178 0.483 1.44779e-14 0
2.51673 -1.06891 1.859 -1.271 1.06891 -0.0417743 -0.0566924 0.259942 0.909708 0.185746 0.868114 0.127906 0.835137 0.0989087 0.811314 -0.120305 -0.107178 0.474 9.50231e-15 0
2.51465 -1.07071 1.859 -1.271 1.07071 -0.120305 -0.107178 0.260756 0.911852 0.185662 0.870741 0.126556 0.838192 0.0959555 0.814866 -0.0743853 -0.0776137 0.458 9.16336e-15 0
2.51465 -1.07071 1.859 -1.271 1.07071 -0.120305 -0.107178 0.260756 0.911852 0.185662 0.870741 0.126556 0.838192 0.0959555 0.814866 -0.0743853 -0.0776137 0.474 6.36155e-15 0
2.50863 -1.07559 1.859 -1.271 1.07559 -0.0743853 -0.0776137 0.260467 0.910962 0.185848 0.869514 0.12741 0.836653 0.0976203 0.81297 0.0549677 0.00579103 0.465 2.2313e-14 0
2.50491 -1.07994 1.859 -1.271 1.07994 -0.0743853 -0.0776137 0.25951 0.90798 0.186294 0.865611 0.129793 0.831899 0.1026 0.807259 0.103051 0.037021 0.468 6.99114e-15 0
2.50491 -1.07994 1.859 -1.271 1.07994 -0.0743853 -0.0776137 0.25951 0.90798 0.186294 0.865611 0.129793 0.831899 0.1026 0.807259 0.103051 0.037021 0.462 2.13083e-14 0
2.50119 -1.08383 1.859 -1.271 1.08383 0.103051 0.037021 0.258979 0.906001 0.186731 0.862939 0.131607 0.828529 0.106168 0.803206 0.132935 0.0564654 0.455 1.51646e-15 0
2.50119 -1.08383 1.859 -1.271 1.08383 0.103051 0.037021 0.258979 0.906001 0.186731 0.862939 0.131607 0.828529 0.106168 0.803206 0.132935 0.0564654 0.467 2.60414e-15 0
2.50635 -1.08341 1.859 -1.271 1.08341 0.103051 0.037021 0.258524 0.904206 0.187196 0.860492 0.133391 0.825404 0.109466 0.799452 0.107095 0.0402273 0.47 2.54822e-15 0
2.5115 -1.08147 1.859 -1.271 1.08147 0.132935 0.0564654 0.259301 0.906395 0.187121 0.863105 0.132057 0.828433 0.106674 0.802875 0.0632448 0.0119556 0.465 8.4506e-15 0
2.5115 -1.08147 1.859 -1.271 1.08147 0.132935 0.0564654 0.259301 0.906395 0.187121 0.863105 0.132057 0.828433 0.106674 0.802875 0.0632448 0.0119556 0.462 2.44066e-14 0
2.51815 -1.07891 1.859 -1.271 1.07891 0.0632448 0.0119556 0.26019 0.908983 0.186985 0.866255 0.130454 0.832137 0.103154 0.807104 0.00467657 -0.0259555 0.463 1.37243e-14 0
2.51815 -1.07891 1.859 -1.271 1.07891 0.0632448 0.0119556 0.26019 0.908983 0.186985 0.866255 0.130454 0.832137 0.103154 0.807104 0.00467657 -0.0259555 0.478 3.65635e-15 0
2.52131 -1.07778 1.859 -1.271 1.07778 0.00467657 -0.0259555 0.261319 0.912058 0.186792 0.870073 0.128468 0.836655 0.0987261 0.812355 -0.0227801 -0.0437743 0.48 1.27497e-14 0
2.52154 -1.0787 1.859 -1.271 1.0787 0.00467657 -0.0259555 0.261924 0.913627 0.186741 0.871982 0.127507 0.838867 0.0966542 0.814914 -0.0202295 -0.042064 0.477 5.56536e-15 0
2.52154 -1.0787 1.859 -1.271 1.0787 0.00467657 -0.0259555 0.261924 0.913627 0.186741 0.871982 0.127507 0.838867 0.0966542 0.814914 -0.0202295 -0.042064 0.483 8.17093e-15 0
2.52178 -1.08008 1.859 -1.271 1.08008 -0.0202295 -0.042064 0.261991 0.913681 0.186845 0.871964 0.127662 0.838776 0.0968598 0.814742 -0.0155732 -0.038954 0.49 2.2729e-14 0
2.52178 -1.08008 1.859 -1.271 1.08008 -0.0202295 -0.042064 0.261991 0.913681 0.186845 0.871964 0.127662 0.838776 0.0968598 0.814742 -0.0155732 -0.038954 0.495 1.54998e-14 0
2.52076 -1.08203 1.859 -1.271 1.08203 -0.0155732 -0.038954 0.262056 0.913674 0.186993 0.871842 0.127924 0.838539 0.0972436 0.814377 0.000415563 -0.0284376 0.491 1.45208e-14 0
2.52076 -1.08203 1.859 -1.271 1.08203 -0.0155732 -0.038954 0.262056 0.913674 0.186993 0.871842 0.127924 0.838539 0.0972436 0.814377 0.000415563 -0.0284376 0.494 1.01314e-14 0
2.51999 -1.08407 1.859 -1.271 1.08407 -0.0155732 -0.038954 0.261934 0.913166 0.187195 0.871067 0.128578 0.837508 0.0984272 0.813064 -0.0276476 -0.0467924 0.522 1.22945e-14 0
2.51921 -1.08605 1.859 -1.271 1.08605 0.000415563 -0.0284376 0.261838 0.912704 0.187404 0.87035 0.129203 0.836537 0.0995558 0.811829 0.00140612 -0.0276558 0.495 3.62444e-15 0
2.51921 -1.08605 1.859 -1.271 1.08605 0.000415563 -0.0284376 0.261838 0.912704 0.187404 0.87035 0.129203 0.836537 0.0995558 0.811829 0.00140612 -0.0276558 0.515 5.71583e-15 0
2.51923 -1.08764 1.859 -1.271 1.08764 0.00140612 -0.0276558 0.261754 0.912279 0.187614 0.869673 0.129808 0.835603 0.100653 0.810641 0.0156291 -0.0182066 0.472 8.27044e-15 0
2.51923 -1.08764 1.859 -1.271 1.08764 0.00140612 -0.0276558 0.261754 0.912279 0.187614 0.869673 0.129808 0.835603 0.100653 0.810641 0.0156291 -0.0182066 0.481 8.58173e-15 0
2.5193 -1.08906 1.859 -1.271 1.08906 0.0156291 -0.0182066 0.261803 0.91221 0.187791 0.869452 0.130154 0.835217 0.101205 0.810102 0.0276189 -0.0102081 0.507 2.4381e-14 0
2.52008 -1.09012 1.859 -1.271 1.09012 0.0156291 -0.0182066 0.261867 0.912201 0.187954 0.869309 0.130449 0.834927 0.101659 0.809678 0.0264075 -0.0108909 0.463 3.91664e-15 0
2.52008 -1.09012 1.859 -1.271 1.09012 0.0156291 -0.0182066 0.261867 0.912201 0.187954 0.869309 0.130449 0.834927 0.101659 0.809678 0.0264075 -0.0108909 0.463 6.23521e-15 0
2.52086 -1.09105 1.859 -1.271 1.09105 0.0264075 -0.0108909 0.262044 0.912499 0.188085 0.869562 0.130517 0.835123 0.101628 0.809824 0.024104 -0.0123085 0.463 1.36581e-14 0
2.52086 -1.09105 1.859 -1.271 1.09105 0.0264075 -0.0108909 0.262044 0.912499 0.188085 0.869562 0.130517 0.835123 0.101628 0.809824 0.024104 -0.0123085 0.471 3.34994e-15 0
2.52218 -1.09172 1.859 -1.271 1.09172 0.024104 -0.0123085 0.262227 0.912828 0.188207 0.869858 0.130556 0.835371 0.101542 0.810033 0.0118292 -0.020331 0.473 5.72178e-15 0
2.52218 -1.09172 1.859 -1.271 1.09172 0.024104 -0.0123085 0.262227 0.912828 0.188207 0.869858 0.130556 0.835371 0.101542 0.810033 0.0118292 -0.020331 0.482 1.38475e-14 0
2.52339 -1.09235 1.859 -1.271 1.09235 0.024104 -0.0123085 0.262495 0.913386 0.188304 0.870449 0.130424 0.835984 0.101097 0.810669 0.000818633 -0.0275497 0.499 7.37453e-15 0
2.52459 -1.093 1.859 -1.271 1.093 0.0118291 -0.020331 0.26275 0.913917 0.188399 0.871007 0.130306 0.836558 0.100691 0.811263 -0.00991706 -0.0346093 0.481 8.75657e-15 0
2.52459 -1.093 1.859 -1.271 1.093 0.0118291 -0.020331 0.26275 0.913917 0.188399 0.871007 0.130306 0.836558 0.100691 0.811263 -0.00991706 -0.0346093 0.483 2.0268e-14 0
2.52519 -1.09396 1.859 -1.271 1.09396 -0.00991706 -0.0346093 0.263001 0.914432 0.188495 0.871546 0.130194 0.837112 0.100306 0.811834 -0.00931858 -0.0341539 0.478 3.79236e-15 0
2.52519 -1.09396 1.859 -1.271 1.09396 -0.00991706 -0.0346093 0.263001 0.914432 0.188495 0.871546 0.130194 0.837112 0.100306 0.811834 -0.00931858 -0.0341539 0.499 1.14332e-14 0
2.52469 -1.09556 1.859 -1.271 1.09556 -0.00931858 -0.0341539 0.263149 0.914672 0.188617 0.871736 0.130281 0.83724 0.100334 0.811908 0.0123415 -0.0196647 0.485 6.84573e-15 0
2.52422 -1.09733 1.859 -1.271 1.09733 -0.00931858 -0.0341539 0.263108 0.914394 0.18879 0.871265 0.130741 0.836563 0.101141 0.811041 0.0350491 -0.00442235 0.472 7.41585e-15 0
2.52422 -1.09733 1.859 -1.271 1.09733 -0.00931858 -0.0341539 0.263108 0.914394 0.18879 0.871265 0.130741 0.836563 0.101141 0.811041 0.0350491 -0.00442235 0.473 4.87074e-15 0
2.52376 -1.09908 1.859 -1.271 1.09908 0.0350491 -0.00442235 0.263067 0.914093 0.188977 0.87076 0.131231 0.835839 0.102004 0.810116 0.0574354 0.0106519 0.477 1.31611e-14 0
2.52376 -1.09908 1.859 -1.271 1.09908 0.0350491 -0.00442235 0.263067 0.914093 0.188977 0.87076 0.131231 0.835839 0.102004 0.810116 0.0574354 0.0106519 0.473 3.5466e-15 0
2.52551 -1.09968 1.859 -1.271 1.09968 0.0574354 0.0106519 0.263035 0.913815 0.189167 0.87028 0.131712 0.83514 0.102853 0.809217 0.0388932 -0.00161205 0.482 4.49072e-15 0
2.52551 -1.09968 1.859 -1.271 1.09968 0.0574354 0.0106519 0.263035 0.913815 0.189167 0.87028 0.131712 0.83514 0.102853 0.809217 0.0388932 -0.00161205 0.473 8.84061e-15 0
2.52838 -1.09933 1.859 -1.271 1.09933 0.0574354 0.0106519 0.263374 0.91454 0.189261 0.871074 0.131484 0.835995 0.102187 0.810132 -0.00403349 -0.030308 0.486 1.39106e-14 0
2.53126 -1.09882 1.859 -1.271 1.09882 0.0388932 -0.00161205 0.263924 0.915867 0.189283 0.872645 0.130803 0.837802 0.100607 0.812164 -0.0483907 -0.0600726 0.479 1.486e-14 0
2.53126 -1.09882 1.859 -1.271 1.09882 0.0388932 -0.00161205 0.263924 0.915867 0.189283 0.872645 0.130803 0.837802 0.100607 0.812164 -0.0483907 -0.0600726 0.495 2.64024e-15 0
2.5332 -1.09879 1.859 -1.271 1.09879 -0.0483907 -0.0600726 0.264473 0.917197 0.189291 0.874235 0.130079 0.839645 0.0989814 0.814247 -0.0754277 -0.0782702 0.48 7.6148e-15 0
2.5332 -1.09879 1.859 -1.271 1.09879 -0.0483907 -0.0600726 0.264473 0.917197 0.189291 0.874235 0.130079 0.839645 0.0989814 0.814247 -0.0754277 -0.0782702 0.482 6.13547e-15 0
2.53078 -1.10116 1.859 -1.271 1.10116 -0.0754277 -0.0782702 0.264859 0.918086 0.189336 0.87527 0.129671 0.840817 0.0979919 0.81555 -0.0201868 -0.0410555 0.487 4.41016e-15 0
2.52701 -1.10496 1.859 -1.271 1.10496 -0.0754277 -0.0782702 0.264486 0.916971 0.189559 0.873744 0.130699 0.838866 0.0999975 0.813205 0.0619174 0.0143843 0.478 3.59211e-15 0
2.52701 -1.10496 1.859 -1.271 1.10496 -0.0754277 -0.0782702 0.264486 0.916971 0.189559 0.873744 0.130699 0.838866 0.0999975 0.813205 0.0619174 0.0143843 0.472 6.29273e-15 0
2.52324 -1.10894 1.859 -1.271 1.10894 0.0619174 0.0143843 0.263856 0.915057 0.189901 0.871201 0.132334 0.83566 0.10324 0.809382 0.104573 0.043307 0.474 3.46102e-15 0
2.52324 -1.10894 1.859 -1.271 1.10894 0.0619174 0.0143843 0.263856 0.915057 0.189901 0.871201 0.132334 0.83566 0.10324 0.809382 0.104573 0.043307 0.47 1.9228e-14 0
2.52633 -1.10932 1.859 -1.271 1.10932 0.104573 0.043307 0.263258 0.913128 0.190286 0.868671 0.133966 0.832446 0.10658 0.805533 0.0866488 0.0314789 0.48 2.47678e-14 0
2.52633 -1.10932 1.859 -1.271 1.10932 0.104573 0.043307 0.263258 0.913128 0.190286 0.868671 0.133966 0.832446 0.10658 0.805533 0.0866488 0.0314789 0.459 1.98705e-14 0
2.53156 -1.10743 1.859 -1.271 1.10743 0.104573 0.043307 0.263812 0.914398 0.190361 0.870116 0.133439 0.834073 0.105174 0.807336 0.0271484 -0.00873931 0.474 2.48898e-14 0
2.53679 -1.10526 1.859 -1.271 1.10526 0.0866488 0.0314789 0.264794 0.916952 0.190266 0.87319 0.131949 0.837706 0.101838 0.811496 -0.0645262 -0.0710314 0.468 5.07364e-15 0
2.53679 -1.10526 1.859 -1.271 1.10526 0.0866488 0.0314789 0.264794 0.916952 0.190266 0.87319 0.131949 0.837706 0.101838 0.811496 -0.0645262 -0.0710314 0.49 2.22082e-14 0
2.54112 -1.10358 1.859 -1.271 1.10358 -0.0645262 -0.0710314 0.265763 0.919426 0.190151 0.876244 0.130399 0.841352 0.0984594 0.815699 -0.13932 -0.122017 0.475 5.27475e-15 0
2.54112 -1.10358 1.859 -1.271 1.10358 -0.0645262 -0.0710314 0.265763 0.919426 0.190151 0.876244 0.130399 0.841352 0.0984594 0.815699 -0.13932 -0.122017 0.478 8.10005e-15 0
2.5379 -1.106 1.859 -1.271 1.106 -0.13932 -0.122017 0.266576 0.921443 0.190081 0.878742 0.129235 0.844328 0.0957173 0.819126 -0.0727523 -0.076662 0.475 6.3279e-15 0
2.5379 -1.106 1.859 -1.271 1.106 -0.13932 -0.122017 0.266576 0.921443 0.190081 0.878742 0.129235 0.844328 0.0957173 0.819126 -0.0727523 -0.076662 0.479 1.459e-14 0
2.53093 -1.11167 1.859 -1.271 1.11167 -0.13932 -0.122017 0.26606 0.920028 0.190289 0.87685 0.130343 0.841946 0.0981051 0.816287 0.0657938 0.0178438 0.582 6.40126e-15 0
2.52397 -1.11787 1.859 -1.271 1.11787 -0.0727523 -0.076662 0.264847 0.916569 0.190753 0.872381 0.133012 0.836396 0.103586 0.809728 0.128421 0.0606583 0.471 3.77464e-15 0
2.52397 -1.11787 1.859 -1.271 1.11787 -0.0727523 -0.076662 0.264847 0.916569 0.190753 0.872381 0.133012 0.836396 0.103586 0.809728 0.128421 0.0606583 0.456 4.30398e-15 0
2.52033 -1.12225 1.859 -1.271 1.12225 0.128421 0.0606583 0.263693 0.913026 0.19133 0.867851 0.135748 0.830728 0.109343 0.802999 0.155162 0.0791034 0.455 1.09315e-14 0
2.52033 -1.12225 1.859 -1.271 1.12225 0.128421 0.0606583 0.263693 0.913026 0.19133 0.867851 0.135748 0.830728 0.109343 0.802999 0.155162 0.0791034 0.444 1.8142e-15 0
2.52675 -1.12076 1.859 -1.271 1.12076 0.128421 0.0606583 0.263151 0.911099 0.191785 0.865313 0.137476 0.827477 0.112797 0.799082 0.124426 0.0585805 0.476 1.51001e-15 0
2.53317 -1.11762 1.859 -1.271 1.11762 0.155162 0.0791034 0.264253 0.91398 0.191683 0.868745 0.135843 0.83152 0.109002 0.803707 0.078002 0.0268841 0.465 3.04378e-15 0
2.53317 -1.11762 1.859 -1.271 1.11762 0.155162 0.0791034 0.264253 0.91398 0.191683 0.868745 0.135843 0.83152 0.109002 0.803707 0.078002 0.0268841 0.469 2.74634e-15 0
2.54093 -1.1139 1.859 -1.271 1.1139 0.078002 0.0268841 0.265457 0.917244 0.191476 0.872692 0.133888 0.836234 0.10457 0.809143 0.00783644 -0.0213129 0.462 4.25233e-15 0
2.54093 -1.1139 1.859 -1.271 1.1139 0.078002 0.0268841 0.265457 0.917244 0.191476 0.872692 0.133888 0.836234 0.10457 0.809143 0.00783644 -0.0213129 0.453 9.24096e-15 0
2.54483 -1.11197 1.859 -1.271 1.11197 0.00783644 -0.0213129 0.266846 0.920902 0.191229 0.877197 0.13152 0.841675 0.0994178 0.815463 -0.0276631 -0.0457714 0.467 1.24191e-14 0
2.54483 -1.11197 1.859 -1.271 1.11197 0.00783644 -0.0213129 0.266846 0.920902 0.191229 0.877197 0.13152 0.841675 0.0994178 0.815463 -0.0276631 -0.0457714 0.443 3.47347e-14 0
2.54522 -1.11258 1.859 -1.271 1.11258 0.00783644 -0.0213129 0.267603 0.922821 0.19114 0.879574 0.130409 0.844521 0.0967743 0.818749 -0.0274805 -0.0456414 0.447 2.9263e-14 0
2.54561 -1.11373 1.859 -1.271 1.11373 -0.0276631 -0.0457714 0.267697 0.922962 0.191217 0.879686 0.130473 0.844595 0.0967944 0.818791 -0.0247352 -0.0437375 0.508 5.71532e-15 0
2.54561 -1.11373 1.859 -1.271 1.11373 -0.0276631 -0.0457714 0.267697 0.922962 0.191217 0.879686 0.130473 0.844595 0.0967944 0.818791 -0.0247352 -0.0437375 0.47 1.26544e-14 0
2.54423 -1.11578 1.859 -1.271 1.11578 -0.0247352 -0.0437375 0.267786 0.923027 0.191345 0.87967 0.130653 0.844488 0.0970262 0.818602 -0.00576968 -0.0305965 0.468 1.41578e-14 0
2.54423 -1.11578 1.859 -1.271 1.11578 -0.0247352 -0.0437375 0.267786 0.923027 0.191345 0.87967 0.130653 0.844488 0.0970262 0.818602 -0.00576968 -0.0305965 0.47 2.36688e-14 0
2.54299 -1.11805 1.859 -1.271 1.11805 -0.00576968 -0.0305965 0.267588 0.922358 0.191544 0.878707 0.131333 0.843209 0.0984083 0.817031 -0.0292724 -0.0469369 0.488 1.85846e-14 0
2.54271 -1.11977 1.859 -1.271 1.11977 -0.00576968 -0.0305965 0.267399 0.921665 0.19176 0.877724 0.13205 0.841901 0.0998265 0.815423 -0.00933928 -0.0330685 0.471 7.02464e-15 0
2.54271 -1.11977 1.859 -1.271 1.11977 -0.00576968 -0.0305965 0.267399 0.921665 0.19176 0.877724 0.13205 0.841901 0.0998265 0.815423 -0.00933928 -0.0330685 0.484 3.44294e-15 0
2.54242 -1.12132 1.859 -1.271 1.12132 -0.00933928 -0.0330685 0.267391 0.921441 0.191944 0.87733 0.132479 0.841306 0.100571 0.814644 0.00908827 -0.0202044 0.482 1.03396e-14 0
2.54242 -1.12132 1.859 -1.271 1.12132 -0.00933928 -0.0330685 0.267391 0.921441 0.191944 0.87733 0.132479 0.841306 0.100571 0.814644 0.00908827 -0.0202044 0.554 3.40936e-15 0
2.54195 -1.12298 1.859 -1.271 1.12298 0.00908827 -0.0202044 0.267392 0.921253 0.192117 0.876988 0.132876 0.840779 0.101248 0.813946 0.0309286 -0.0049168 0.463 2.77714e-15 0
2.54195 -1.12298 1.859 -1.271 1.12298 0.00908827 -0.0202044 0.267392 0.921253 0.192117 0.876988 0.132876 0.840779 0.101248 0.813946 0.0309286 -0.0049168 0.466 2.63365e-14 0
2.5424 -1.12417 1.859 -1.271 1.12417 0.0309286 -0.0049168 0.267354 0.920964 0.192296 0.876525 0.133334 0.840107 0.102058 0.813082 0.0359714 -0.00131777 0.482 2.6947e-14 0
2.54395 -1.12461 1.859 -1.271 1.12461 0.0309286 -0.0049168 0.267475 0.921091 0.19244 0.876581 0.133513 0.84007 0.102256 0.812961 0.0192863 -0.0129334 0.462 1.64655e-15 0
2.54395 -1.12461 1.859 -1.271 1.12461 0.0309286 -0.0049168 0.267475 0.921091 0.19244 0.876581 0.133513 0.84007 0.102256 0.812961 0.0192863 -0.0129334 0.465 7.24166e-15 0
2.5455 -1.12487 1.859 -1.271 1.12487 0.0192863 -0.0129334 0.267796 0.921768 0.192531 0.877322 0.133319 0.840871 0.101642 0.813823 0.00102197 -0.0257072 0.476 2.44106e-15 0
2.5455 -1.12487 1.859 -1.271 1.12487 0.0192863 -0.0129334 0.267796 0.921768 0.192531 0.877322 0.133319 0.840871 0.101642 0.813823 0.00102197 -0.0257072 0.472 6.34935e-15 0
2.54646 -1.12546 1.859 -1.271 1.12546 0.00102197 -0.0257072 0.268122 0.922475 0.192607 0.878106 0.133097 0.841733 0.100961 0.814762 -0.0063461 -0.0308646 0.471 2.97091e-15 0
2.54646 -1.12546 1.859 -1.271 1.12546 0.00102197 -0.0257072 0.268122 0.922475 0.192607 0.878106 0.133097 0.841733 0.100961 0.814762 -0.0063461 -0.0308646 0.476 7.73971e-15 0
2.54651 -1.12665 1.859 -1.271 1.12665 -0.0063461 -0.0308646 0.268339 0.922892 0.192704 0.878536 0.133056 0.842166 0.100686 0.815201 0.00414063 -0.0234667 0.474 8.83722e-15 0
2.5462 -1.12818 1.859 -1.271 1.12818 -0.0063461 -0.0308646 0.26839 0.922863 0.192842 0.878407 0.133306 0.841915 0.101072 0.814838 0.0228141 -0.01027 0.463 2.33019e-15 0
2.5462 -1.12818 1.859 -1.271 1.12818 -0.0063461 -0.0308646 0.26839 0.922863 0.192842 0.878407 0.133306 0.841915 0.101072 0.814838 0.0228141 -0.01027 0.464 4.36841e-15 0
2.54588 -1.12977 1.859 -1.271 1.12977 0.0228141 -0.01027 0.268373 0.922635 0.193007 0.878027 0.133699 0.84135 0.101767 0.814105 0.0419431 0.00329351 0.461 1.54363e-14 0
2.54588 -1.12977 1.859 -1.271 1.12977 0.0228141 -0.01027 0.268373 0.922635 0.193007 0.878027 0.133699 0.84135 0.101767 0.814105 0.0419431 0.00329351 0.561 3.21678e-15 0
2.54702 -1.13054 1.859 -1.271 1.13054 0.0419431 0.00329351 0.268359 0.922408 0.193179 0.877644 0.134107 0.840778 0.10248 0.813359 0.0339875 -0.0022588 0.461 2.24186e-14 0
2.54702 -1.13054 1.859 -1.271 1.13054 0.0419431 0.00329351 0.268359 0.922408 0.193179 0.877644 0.134107 0.840778 0.10248 0.813359 0.0339875 -0.0022588 0.463 8.23831e-15 0
2.54912 -1.13054 1.859 -1.271 1.13054 0.0339875 -0.0022588 0.268602 0.92286 0.193294 0.878106 0.134072 0.841238 0.102196 0.813822 0.00601032 -0.0220413 0.473 2.13214e-14 0
2.54912 -1.13054 1.859 -1.271 1.13054 0.0339875 -0.0022588 0.268602 0.92286 0.193294 0.878106 0.134072 0.841238 0.102196 0.813822 0.00601032 -0.0220413 0.474 1.22139e-14 0
2.55082 -1.13061 1.859 -1.271 1.13061 0.0339875 -0.0022588 0.269027 0.923818 0.193356 0.8792 0.133706 0.842477 0.101155 0.8152 -0.0159247 -0.0376059 0.489 4.06051e-15 0
2.55252 -1.13076 1.859 -1.271 1.13076 0.00601032 -0.0220413 0.269383 0.924606 0.193421 0.880092 0.133434 0.843477 0.100333 0.816306 -0.0370568 -0.0526538 0.529 1.22044e-14 0
2.55252 -1.13076 1.859 -1.271 1.13076 0.00601032 -0.0220413 0.269383 0.924606 0.193421 0.880092 0.133434 0.843477 0.100333 0.816306 -0.0370568 -0.0526538 0.549 1.68302e-14 0
2.55282 -1.13168 1.859 -1.271 1.13168 -0.0370568 -0.0526538 0.269729 0.925356 0.193496 0.880941 0.133181 0.844428 0.0995528 0.817355 -0.0323291 -0.0493128 0.467 8.57984e-15 0
2.55282 -1.13168 1.859 -1.271 1.13168 -0.0370568 -0.0526538 0.269729 0.925356 0.193496 0.880941 0.133181 0.844428 0.0995528 0.817355 -0.0323291 -0.0493128 0.473 9.52435e-15 0
2.55096 -1.13403 1.859 -1.271 1.13403 -0.0323291 -0.0493128 0.269831 0.925472 0.193617 0.880996 0.133331 0.844405 0.0997152 0.817262 0.0144987 -0.0159112 0.456 4.39634e-15 0
2.55096 -1.13403 1.859 -1.271 1.13403 -0.0323291 -0.0493128 0.269831 0.925472 0.193617 0.880996 0.133331 0.844405 0.0997152 0.817262 0.0144987 -0.0159112 0.471 5.86961e-15 0
2.54935 -1.1366 1.859 -1.271 1.1366 -0.0323291 -0.0493128 0.269538 0.924536 0.193824 0.879736 0.134156 0.842767 0.101443 0.815272 0.0575986 0.0149356 0.473 1.39716e-14 0
2.54773 -1.1391 1.859 -1.271 1.1391 0.0144987 -0.0159112 0.269278 0.92364 0.194062 0.878517 0.134995 0.841167 0.103153 0.813318 0.0801051 0.0311213 0.459 3.03054e-15 0
2.54773 -1.1391 1.859 -1.271 1.1391 0.0144987 -0.0159112 0.269278 0.92364 0.194062 0.878517 0.134995 0.841167 0.103153 0.813318 0.0801051 0.0311213 0.508 1.56991e-14 0
2.54846 -1.14029 1.859 -1.271 1.14029 0.0801051 0.0311213 0.269041 0.922797 0.194308 0.877355 0.135839 0.839629 0.104823 0.81143 0.0808731 0.0318073 0.445 5.46914e-15 0
2.54846 -1.14029 1.859 -1.271 1.14029 0.0801051 0.0311213 0.269041 0.922797 0.194308 0.877355 0.135839 0.839629 0.104823 0.81143 0.0808731 0.0318073 0.462 9.63631e-15 0
2.55246 -1.13924 1.859 -1.271 1.13924 0.0808731 0.0318073 0.269209 0.923026 0.194457 0.877532 0.135972 0.839732 0.104898 0.81147 0.043869 0.0053395 0.462 4.67708e-15 0
2.55246 -1.13924 1.859 -1.271 1.13924 0.0808731 0.0318073 0.269209 0.923026 0.194457 0.877532 0.135972 0.839732 0.104898 0.81147 0.043869 0.0053395 0.49 4.29627e-15 0
2.55651 -1.13764 1.859 -1.271 1.13764 0.0808731 0.0318073 0.269973 0.924866 0.194447 0.879723 0.135039 0.842312 0.10256 0.81442 -0.0245559 -0.0439315 0.485 5.95506e-15 0
2.56055 -1.13608 1.859 -1.271 1.13608 0.043869 0.0053395 0.270769 0.926821 0.194431 0.882076 0.134015 0.84511 0.0999942 0.817638 -0.0925199 -0.093047 0.486 9.66887e-15 0
2.56055 -1.13608 1.859 -1.271 1.13608 0.043869 0.0053395 0.270769 0.926821 0.194431 0.882076 0.134015 0.84511 0.0999942 0.817638 -0.0925199 -0.093047 0.487 1.79519e-14 0
2.56274 -1.13556 1.859 -1.271 1.13556 -0.0925199 -0.093047 0.27155 0.928713 0.194458 0.884365 0.133009 0.847844 0.0974753 0.820792 -0.126205 -0.117506 0.482 1.69291e-14 0
2.56274 -1.13556 1.859 -1.271 1.13556 -0.0925199 -0.093047 0.27155 0.928713 0.194458 0.884365 0.133009 0.847844 0.0974753 0.820792 -0.126205 -0.117506 0.525 1.53769e-14 0
2.55812 -1.13922 1.859 -1.271 1.13922 -0.126205 -0.117506 0.272004 0.929756 0.194538 0.885594 0.132541 0.849276 0.0962131 0.822419 -0.0306657 -0.0484181 0.484 1.15665e-14 0
2.55812 -1.13922 1.859 -1.271 1.13922 -0.126205 -0.117506 0.272004 0.929756 0.194538 0.885594 0.132541 0.849276 0.0962131 0.822419 -0.0306657 -0.0484181 0.488 7.10302e-15 0
2.55181 -1.14497 1.859 -1.271 1.14497 -0.0306657 -0.0484181 0.271203 0.927588 0.19471 0.882807 0.134094 0.845776 0.0997087 0.818251 0.0807659 0.032279 0.479 2.1033e-15 0
2.55181 -1.14497 1.859 -1.271 1.14497 -0.0306657 -0.0484181 0.271203 0.927588 0.19471 0.882807 0.134094 0.845776 0.0997087 0.818251 0.0807659 0.032279 0.475 4.16087e-15 0
2.55028 -1.14819 1.859 -1.271 1.14819 0.0807659 0.032279 0.270067 0.924379 0.195108 0.878701 0.13641 0.840633 0.104851 0.812138 0.103027 0.0485819 0.483 4.87718e-15 0
2.55028 -1.14819 1.859 -1.271 1.14819 0.0807659 0.032279 0.270067 0.924379 0.195108 0.878701 0.13641 0.840633 0.104851 0.812138 0.103027 0.0485819 0.467 2.49408e-15 0
2.55431 -1.14739 1.859 -1.271 1.14739 0.0807659 0.032279 0.269822 0.923426 0.195417 0.877379 0.137399 0.838873 0.106777 0.809971 0.075694 0.0288996 0.5 2.84681e-15 0
2.55835 -1.14573 1.859 -1.271 1.14573 0.103027 0.0485819 0.270606 0.925272 0.195439 0.879555 0.136514 0.841412 0.104513 0.812858 0.028142 -0.00571546 0.484 9.56853e-15 0
2.55835 -1.14573 1.859 -1.271 1.14573 0.103027 0.0485819 0.270606 0.925272 0.195439 0.879555 0.136514 0.841412 0.104513 0.812858 0.028142 -0.00571546 0.478 7.03743e-15 0
2.5635 -1.1435 1.859 -1.271 1.1435 0.028142 -0.00571546 0.271416 0.927265 0.195423 0.881949 0.135477 0.844254 0.101914 0.816123 -0.06025 -0.0703517 0.484 7.08326e-15 0
2.5635 -1.1435 1.859 -1.271 1.1435 0.028142 -0.00571546 0.271416 0.927265 0.195423 0.881949 0.135477 0.844254 0.101914 0.816123 -0.06025 -0.0703517 0.503 9.35122e-15 0
2.56491 -1.14323 1.859 -1.271 1.14323 -0.06025 -0.0703517 0.272396 0.92966 0.195429 0.884869 0.134142 0.847767 0.0986311 0.820196 -0.0811182 -0.0856875 0.484 4.25718e-15 0
2.56491 -1.14323 1.859 -1.271 1.14323 -0.06025 -0.0703517 0.272396 0.92966 0.195429 0.884869 0.134142 0.847767 0.0986311 0.820196 -0.0811182 -0.0856875 0.5 2.13197e-14 0
2.5619 -1.14615 1.859 -1.271 1.14615 -0.0811182 -0.0856875 0.272718 0.93039 0.195508 0.88571 0.133857 0.848727 0.097817 0.821271 -0.0140067 -0.0365559 0.495 3.83339e-15 0
2.5619 -1.14615 1.859 -1.271 1.14615 -0.0811182 -0.0856875 0.272718 0.93039 0.195508 0.88571 0.133857 0.848727 0.097817 0.821271 -0.0140067 -0.0365559 0.488 2.02748e-14 0
2.55784 -1.15037 1.859 -1.271 1.15037 -0.0140067 -0.0365559 0.272191 0.928907 0.195657 0.883782 0.134983 0.846281 0.100298 0.818341 0.0667361 0.0226955 0.481 1.82379e-15 0
2.55784 -1.15037 1.859 -1.271 1.15037 -0.0140067 -0.0365559 0.272191 0.928907 0.195657 0.883782 0.134983 0.846281 0.100298 0.818341 0.0667361 0.0226955 0.488 3.54478e-15 0
2.55714 -1.15276 1.859 -1.271 1.15276 0.0667361 0.0226955 0.271471 0.926826 0.195931 0.881079 0.136578 0.842857 0.103778 0.814243 0.0826545 0.0345065 0.476 1.14032e-14 0
2.55714 -1.15276 1.859 -1.271 1.15276 0.0667361 0.0226955 0.271471 0.926826 0.195931 0.881079 0.136578 0.842857 0.103778 0.814243 0.0826545 0.0345065 0.488 1.43426e-15 0
2.56048 -1.15223 1.859 -1.271 1.15223 0.0667361 0.0226955 0.271378 0.926323 0.196163 0.880331 0.13722 0.841814 0.104987 0.812926 0.0583774 0.0167362 0.474 1.12302e-14 0
2.56382 -1.15107 1.859 -1.271 1.15107 0.0826545 0.0345065 0.27204 0.927837 0.196233 0.882106 0.136546 0.843876 0.103172 0.815263 0.00811547 -0.0203719 0.509 1.41844e-14 0
2.56382 -1.15107 1.859 -1.271 1.15107 0.0826545 0.0345065 0.27204 0.927837 0.196233 0.882106 0.136546 0.843876 0.103172 0.815263 0.00811547 -0.0203719 0.487 6.50204e-15 0
2.56795 -1.14949 1.859 -1.271 1.14949 0.00811547 -0.0203719 0.272721 0.929459 0.196287 0.884041 0.135746 0.846158 0.101112 0.817876 -0.0603147 -0.0710927 0.504 1.20647e-14 0
2.56795 -1.14949 1.859 -1.271 1.14949 0.00811547 -0.0203719 0.272721 0.929459 0.196287 0.884041 0.135746 0.846158 0.101112 0.817876 -0.0603147 -0.0710927 0.488 9.03946e-15 0
2.56836 -1.14996 1.859 -1.271 1.14996 -0.0603147 -0.0710927 0.273525 0.931367 0.196357 0.886352 0.134731 0.848921 0.0985614 0.821067 -0.0610123 -0.0716728 0.484 3.18754e-15 0
2.56836 -1.14996 1.859 -1.271 1.14996 -0.0603147 -0.0710927 0.273525 0.931367 0.196357 0.886352 0.134731 0.848921 0.0985614 0.821067 -0.0610123 -0.0716728 0.594 1.60715e-14 0
2.56534 -1.15308 1.859 -1.271 1.15308 -0.0610123 -0.0716728 0.273662 0.931606 0.196458 0.886573 0.13477 0.849115 0.0984965 0.821237 0.00772012 -0.0206957 0.483 2.1972e-14 0
2.56534 -1.15308 1.859 -1.271 1.15308 -0.0610123 -0.0716728 0.273662 0.931606 0.196458 0.886573 0.13477 0.849115 0.0984965 0.821237 0.00772012 -0.0206957 0.485 7.4123e-15 0
2.56229 -1.15674 1.859 -1.271 1.15674 0.00772012 -0.0206957 0.273128 0.9301 0.196608 0.884607 0.135937 0.846612 0.101049 0.818234 0.0681525 0.024251 0.482 1.97609e-14 0
2.56229 -1.15674 1.859 -1.271 1.15674 0.00772012 -0.0206957 0.273128 0.9301 0.196608 0.884607 0.135937 0.846612 0.101049 0.818234 0.0681525 0.024251 0.49 8.71072e-15 0
2.56268 -1.15833 1.859 -1.271 1.15833 0.0681525 0.024251 0.272593 0.928501 0.196843 0.882502 0.137239 0.843915 0.103837 0.814983 0.0732522 0.0281458 0.473 2.29419e-15 0
2.56268 -1.15833 1.859 -1.271 1.15833 0.0681525 0.024251 0.272593 0.928501 0.196843 0.882502 0.137239 0.843915 0.103837 0.814983 0.0732522 0.0281458 0.475 2.42412e-15 0
2.56608 -1.15756 1.859 -1.271 1.15756 0.0732522 0.0281458 0.272702 0.928541 0.197028 0.882433 0.137525 0.843709 0.104229 0.814653 0.0411078 0.00420849 0.58 1.57175e-14 0
2.56608 -1.15756 1.859 -1.271 1.15756 0.0732522 0.0281458 0.272702 0.928541 0.197028 0.882433 0.137525 0.843709 0.104229 0.814653 0.0411078 0.00420849 0.476 8.57342e-15 0
2.56975 -1.15618 1.859 -1.271 1.15618 0.0732522 0.0281458 0.273386 0.930112 0.197118 0.884289 0.136797 0.84588 0.102298 0.817124 -0.0190826 -0.0408767 0.489 1.6963e-14 0
2.57341 -1.1548 1.859 -1.271 1.1548 0.0411078 0.00420849 0.27413 0.931862 0.197204 0.886392 0.135905 0.848378 0.100022 0.819995 -0.0791742 -0.0860654 0.483 1.41104e-14 0
2.57341 -1.1548 1.859 -1.271 1.1548 0.0411078 0.00420849 0.27413 0.931862 0.197204 0.886392 0.135905 0.848378 0.100022 0.819995 -0.0791742 -0.0860654 0.519 1.32198e-14 0
2.57547 -1.15438 1.859 -1.271 1.15438 -0.0791742 -0.0860654 0.274875 0.933565 0.197318 0.88845 0.13502 0.850833 0.0977871 0.822825 -0.109447 -0.108962 0.483 1.25661e-14 0
2.57547 -1.15438 1.859 -1.271 1.15438 -0.0791742 -0.0860654 0.274875 0.933565 0.197318 0.88845 0.13502 0.850833 0.0977871 0.822825 -0.109447 -0.108962 0.502 4.47029e-15 0
2.57151 -1.15782 1.859 -1.271 1.15782 -0.109447 -0.108962 0.275327 0.934529 0.197445 0.889582 0.134605 0.852149 0.0966713 0.824315 -0.0257997 -0.0460744 0.499 1.25105e-14 0
2.57151 -1.15782 1.859 -1.271 1.15782 -0.109447 -0.108962 0.275327 0.934529 0.197445 0.889582 0.134605 0.852149 0.0966713 0.824315 -0.0257997 -0.0460744 0.504 2.50253e-14 0
2.56604 -1.16315 1.859 -1.271 1.16315 -0.0257997 -0.0460744 0.274607 0.932675 0.197531 0.887176 0.135984 0.849102 0.0997001 0.82067 0.0746937 0.0296102 0.481 2.74826e-15 0
2.56604 -1.16315 1.859 -1.271 1.16315 -0.0257997 -0.0460744 0.274607 0.932675 0.197531 0.887176 0.135984 0.849102 0.0997001 0.82067 0.0746937 0.0296102 0.492 1.68207e-14 0
2.56475 -1.16615 1.859 -1.271 1.16615 0.0746937 0.0296102 0.273597 0.929899 0.19776 0.883597 0.138037 0.844589 0.104247 0.815286 0.0965878 0.0462488 0.478 1.31355e-14 0
2.56475 -1.16615 1.859 -1.271 1.16615 0.0746937 0.0296102 0.273597 0.929899 0.19776 0.883597 0.138037 0.844589 0.104247 0.815286 0.0965878 0.0462488 0.488 8.5808e-15 0
2.56848 -1.1654 1.859 -1.271 1.1654 0.0965878 0.0462488 0.273391 0.929087 0.198011 0.882452 0.138907 0.843047 0.105961 0.813374 0.069834 0.0261283 0.481 1.90461e-14 0
2.56848 -1.1654 1.859 -1.271 1.1654 0.0965878 0.0462488 0.273391 0.929087 0.198011 0.882452 0.138907 0.843047 0.105961 0.813374 0.069834 0.0261283 0.49 8.33188e-15 0
2.57331 -1.16321 1.859 -1.271 1.16321 0.069834 0.0261283 0.274137 0.930779 0.198119 0.884448 0.138131 0.845379 0.103888 0.816025 0.00331189 -0.02436 0.495 5.13465e-15 0
2.57331 -1.16321 1.859 -1.271 1.16321 0.069834 0.0261283 0.274137 0.930779 0.198119 0.884448 0.138131 0.845379 0.103888 0.816025 0.00331189 -0.02436 0.5 1.0141e-14 0
2.5768 -1.16172 1.859 -1.271 1.16172 0.069834 0.0261283 0.275118 0.933105 0.198207 0.887268 0.136877 0.848757 0.100767 0.819928 -0.0553194 -0.0690364 0.596 3.82799e-15 0
2.5768 -1.16172 1.859 -1.271 1.16172 0.069834 0.0261283 0.275118 0.933105 0.198207 0.887268 0.136877 0.848757 0.100767 0.819928 -0.0553194 -0.0690364 0.472 6.76087e-15 0
2.58029 -1.16046 1.859 -1.271 1.16046 0.00331189 -0.02436 0.275853 0.93477 0.198324 0.889284 0.135999 0.851168 0.0985943 0.82271 -0.111541 -0.112069 0.542 8.46723e-15 0
2.58046 -1.1612 1.859 -1.271 1.1612 -0.0553194 -0.0690364 0.276585 0.936357 0.198483 0.891205 0.135178 0.853463 0.0965828 0.825355 -0.106388 -0.108277 0.472 1.51583e-14 0
2.58046 -1.1612 1.859 -1.271 1.1612 -0.0553194 -0.0690364 0.276585 0.936357 0.198483 0.891205 0.135178 0.853463 0.0965828 0.825355 -0.106388 -0.108277 0.478 9.33777e-15 0
2.57769 -1.16428 1.859 -1.271 1.16428 -0.106388 -0.108277 0.276674 0.936454 0.198595 0.891246 0.135317 0.853433 0.0967445 0.82526 -0.0416591 -0.0589169 0.486 3.21655e-15 0
2.57769 -1.16428 1.859 -1.271 1.16428 -0.106388 -0.108277 0.276674 0.936454 0.198595 0.891246 0.135317 0.853433 0.0967445 0.82526 -0.0416591 -0.0589169 0.486 1.22522e-14 0
2.57237 -1.16939 1.859 -1.271 1.16939 -0.0416591 -0.0589169 0.276143 0.935069 0.198674 0.889421 0.136419 0.851093 0.0990592 0.822441 0.0642765 0.0221487 0.48 4.60763e-15 0
2.57237 -1.16939 1.859 -1.271 1.16939 -0.0416591 -0.0589169 0.276143 0.935069 0.198674 0.889421 0.136419 0.851093 0.0990592 0.822441 0.0642765 0.0221487 0.49 1.80486e-14 0
2.57029 -1.17289 1.859 -1.271 1.17289 0.0642765 0.0221487 0.275148 0.932455 0.198833 0.886032 0.138383 0.846802 0.103347 0.817309 0.0943082 0.0452626 0.474 1.78836e-14 0
2.57029 -1.17289 1.859 -1.271 1.17289 0.0642765 0.0221487 0.275148 0.932455 0.198833 0.886032 0.138383 0.846802 0.103347 0.817309 0.0943082 0.0452626 0.49 5.15805e-15 0
2.57351 -1.17257 1.859 -1.271 1.17257 0.0943082 0.0452626 0.274784 0.931265 0.199069 0.884416 0.139491 0.844682 0.105621 0.814719 0.0724671 0.0285743 0.475 4.03416e-15 0
2.57351 -1.17257 1.859 -1.271 1.17257 0.0943082 0.0452626 0.274784 0.931265 0.199069 0.884416 0.139491 0.844682 0.105621 0.814719 0.0724671 0.0285743 0.48 5.75236e-15 0
2.57822 -1.17049 1.859 -1.271 1.17049 0.0724671 0.0285743 0.275438 0.932679 0.199221 0.886065 0.1389 0.846587 0.103965 0.816867 0.0118293 -0.0182062 0.486 8.95752e-15 0
2.57822 -1.17049 1.859 -1.271 1.17049 0.0724671 0.0285743 0.275438 0.932679 0.199221 0.886065 0.1389 0.846587 0.103965 0.816867 0.0118293 -0.0182062 0.482 9.7103e-15 0
2.58185 -1.1689 1.859 -1.271 1.1689 0.0724671 0.0285743 0.276426 0.93494 0.199355 0.888803 0.137697 0.849863 0.10099 0.820647 -0.0488562 -0.0652188 0.48 7.24994e-15 0
2.58185 -1.1689 1.859 -1.271 1.1689 0.0724671 0.0285743 0.276426 0.93494 0.199355 0.888803 0.137697 0.849863 0.10099 0.820647 -0.0488562 -0.0652188 0.483 5.73816e-15 0
2.58547 -1.16751 1.859 -1.271 1.16751 0.0118293 -0.0182062 0.277209 0.936666 0.199506 0.890895 0.136786 0.852368 0.0987834 0.823538 -0.107455 -0.110826 0.504 1.95773e-14 0
2.58606 -1.16799 1.859 -1.271 1.16799 -0.0488562 -0.0652188 0.277991 0.938317 0.199697 0.892898 0.135925 0.854767 0.0967295 0.826306 -0.110084 -0.113037 0.481 7.862e-15 0
2.58606 -1.16799 1.859 -1.271 1.16799 -0.0488562 -0.0652188 0.277991 0.938317 0.199697 0.892898 0.135925 0.854767 0.0967295 0.826306 -0.110084 -0.113037 0.56 3.19264e-15 0
2.58362 -1.17087 1.859 -1.271 1.17087 -0.110084 -0.113037 0.278169 0.938609 0.199823 0.893185 0.135942 0.855039 0.0966242 0.826566 -0.0517147 -0.06781 0.478 1.09213e-14 0
2.58362 -1.17087 1.859 -1.271 1.17087 -0.110084 -0.113037 0.278169 0.938609 0.199823 0.893185 0.135942 0.855039 0.0966242 0.826566 -0.0517147 -0.06781 0.498 8.93388e-15 0
2.57811 -1.17613 1.859 -1.271 1.17613 -0.0517147 -0.06781 0.27769 0.937389 0.199881 0.891563 0.136943 0.852947 0.098661 0.824037 0.0608151 0.0197432 0.476 1.52337e-14 0
2.57811 -1.17613 1.859 -1.271 1.17613 -0.0517147 -0.06781 0.27769 0.937389 0.199881 0.891563 0.136943 0.852947 0.098661 0.824037 0.0608151 0.0197432 0.468 3.96843e-15 0
2.57553 -1.18004 1.859 -1.271 1.18004 0.0608151 0.0197432 0.27662 0.934701 0.199977 0.888076 0.138958 0.848529 0.102971 0.818751 0.0952475 0.0466568 0.474 1.51494e-14 0
2.57553 -1.18004 1.859 -1.271 1.18004 0.0608151 0.0197432 0.27662 0.934701 0.199977 0.888076 0.138958 0.848529 0.102971 0.818751 0.0952475 0.0466568 0.469 1.51491e-14 0
2.57857 -1.17989 1.859 -1.271 1.17989 0.0952475 0.0466568 0.276142 0.93327 0.200193 0.886154 0.140229 0.846027 0.105593 0.815708 0.0761642 0.0318318 0.481 1.48603e-14 0
2.57857 -1.17989 1.859 -1.271 1.17989 0.0952475 0.0466568 0.276142 0.93327 0.200193 0.886154 0.140229 0.846027 0.105593 0.815708 0.0761642 0.0318318 0.484 8.4146e-15 0
2.58333 -1.17776 1.859 -1.271 1.17776 0.0952475 0.0466568 0.276778 0.934584 0.200376 0.887677 0.13971 0.847777 0.104116 0.817672 0.0189939 -0.0130402 0.484 2.24971e-14 0
2.58809 -1.17543 1.859 -1.271 1.17543 0.0761642 0.0318318 0.277805 0.936863 0.200553 0.890438 0.138499 0.851082 0.101182 0.821486 -0.0624449 -0.0772442 0.468 4.24327e-15 0
2.58809 -1.17543 1.859 -1.271 1.17543 0.0761642 0.0318318 0.277805 0.936863 0.200553 0.890438 0.138499 0.851082 0.101182 0.821486 -0.0624449 -0.0772442 0.456 1.81899e-14 0
2.5919 -1.17372 1.859 -1.271 1.17372 -0.0624449 -0.0772442 0.278846 0.939107 0.200767 0.893185 0.13726 0.854399 0.0983033 0.825332 -0.125904 -0.127516 0.459 8.43484e-15 0
2.5919 -1.17372 1.859 -1.271 1.17372 -0.0624449 -0.0772442 0.278846 0.939107 0.200767 0.893185 0.13726 0.854399 0.0983033 0.825332 -0.125904 -0.127516 0.46 1.33804e-14 0
2.58878 -1.17658 1.859 -1.271 1.17658 -0.125904 -0.127516 0.279709 0.940885 0.201004 0.895352 0.136323 0.857005 0.0961429 0.828346 -0.0595895 -0.0752305 0.46 7.27258e-15 0
2.58878 -1.17658 1.859 -1.271 1.17658 -0.125904 -0.127516 0.279709 0.940885 0.201004 0.895352 0.136323 0.857005 0.0961429 0.828346 -0.0595895 -0.0752305 0.474 5.12116e-15 0
2.58249 -1.18261 1.859 -1.271 1.18261 -0.0595895 -0.0752305 0.279101 0.939472 0.200995 0.893492 0.137413 0.854623 0.098369 0.825479 0.0651194 0.02327 0.47 2.40085e-14 0
2.58249 -1.18261 1.859 -1.271 1.18261 -0.0595895 -0.0752305 0.279101 0.939472 0.200995 0.893492 0.137413 0.854623 0.098369 0.825479 0.0651194 0.02327 0.475 5.55296e-15 0
2.57951 -1.18694 1.859 -1.271 1.18694 0.0651194 0.02327 0.277805 0.936339 0.201021 0.889448 0.139701 0.84952 0.103206 0.819391 0.100937 0.0516821 0.466 1.71466e-14 0
2.57951 -1.18694 1.859 -1.271 1.18694 0.0651194 0.02327 0.277805 0.936339 0.201021 0.889448 0.139701 0.84952 0.103206 0.819391 0.100937 0.0516821 0.457 1.04136e-14 0
2.58276 -1.1867 1.859 -1.271 1.1867 0.0651194 0.02327 0.277237 0.934711 0.201231 0.88727 0.141126 0.84669 0.106122 0.815954 0.0833147 0.0378022 0.471 3.04729e-15 0
2.58602 -1.18548 1.859 -1.271 1.18548 0.100937 0.0516821 0.27793 0.936119 0.201438 0.888908 0.140556 0.84858 0.104548 0.818078 0.0573982 0.0171701 0.458 5.80333e-15 0
2.58602 -1.18548 1.859 -1.271 1.18548 0.100937 0.0516821 0.27793 0.936119 0.201438 0.888908 0.140556 0.84858 0.104548 0.818078 0.0573982 0.0171701 0.502 1.71686e-14 0
2.59107 -1.18318 1.859 -1.271 1.18318 0.0573982 0.0171701 0.27868 0.937724 0.201619 0.89082 0.139788 0.850835 0.102635 0.820654 -0.0227845 -0.0470104 0.48 7.23605e-15 0
2.59107 -1.18318 1.859 -1.271 1.18318 0.0573982 0.0171701 0.27868 0.937724 0.201619 0.89082 0.139788 0.850835 0.102635 0.820654 -0.0227845 -0.0470104 0.487 3.48518e-15 0
2.59394 -1.182 1.859 -1.271 1.182 -0.0227845 -0.0470104 0.279768 0.940026 0.201852 0.893639 0.13851 0.854243 0.0996926 0.824607 -0.0691902 -0.0843399 0.471 1.46392e-14 0
2.59394 -1.182 1.859 -1.271 1.182 -0.0227845 -0.0470104 0.279768 0.940026 0.201852 0.893639 0.13851 0.854243 0.0996926 0.824607 -0.0691902 -0.0843399 0.487 8.67511e-15 0
2.5928 -1.1838 1.859 -1.271 1.1838 -0.0691902 -0.0843399 0.280455 0.941414 0.202064 0.895308 0.137831 0.856228 0.0980961 0.826883 -0.0376509 -0.0591652 0.471 5.06382e-15 0
2.5928 -1.1838 1.859 -1.271 1.1838 -0.0691902 -0.0843399 0.280455 0.941414 0.202064 0.895308 0.137831 0.856228 0.0980961 0.826883 -0.0376509 -0.0591652 0.488 4.35874e-15 0
2.58934 -1.18776 1.859 -1.271 1.18776 -0.0376509 -0.0591652 0.280249 0.940856 0.202132 0.894524 0.138391 0.855173 0.0991594 0.825578 0.0430436 0.00560084 0.461 3.80842e-15 0
2.58934 -1.18776 1.859 -1.271 1.18776 -0.0376509 -0.0591652 0.280249 0.940856 0.202132 0.894524 0.138391 0.855173 0.0991594 0.825578 0.0430436 0.00560084 0.541 6.82791e-15 0
2.58745 -1.19102 1.859 -1.271 1.19102 0.0430436 0.00560084 0.279536 0.939116 0.202176 0.892231 0.139781 0.85223 0.10196 0.822032 0.0757144 0.0319045 0.471 8.14943e-15 0
2.58745 -1.19102 1.859 -1.271 1.19102 0.0430436 0.00560084 0.279536 0.939116 0.202176 0.892231 0.139781 0.85223 0.10196 0.822032 0.0757144 0.0319045 0.466 4.05764e-15 0
2.58961 -1.19135 1.859 -1.271 1.19135 0.0757144 0.0319045 0.279171 0.938071 0.202323 0.890793 0.140787 0.850327 0.103914 0.819695 0.0642768 0.022679 0.459 7.92317e-15 0
2.58961 -1.19135 1.859 -1.271 1.19135 0.0757144 0.0319045 0.279171 0.938071 0.202323 0.890793 0.140787 0.850327 0.103914 0.819695 0.0642768 0.022679 0.464 1.2297e-14 0
2.59339 -1.18997 1.859 -1.271 1.18997 0.0642768 0.022679 0.279661 0.938966 0.202543 0.8918 0.140527 0.851449 0.103101 0.820922 0.0156734 -0.0167737 0.465 4.68098e-15 0
2.59339 -1.18997 1.859 -1.271 1.18997 0.0642768 0.022679 0.279661 0.938966 0.202543 0.8918 0.140527 0.851449 0.103101 0.820922 0.0156734 -0.0167737 0.478 3.0651e-15 0
2.59661 -1.18875 1.859 -1.271 1.18875 0.0156734 -0.0167737 0.280533 0.940741 0.202791 0.89393 0.139652 0.85398 0.101022 0.823824 -0.0348867 -0.058004 0.471 5.27768e-15 0
2.59661 -1.18875 1.859 -1.271 1.18875 0.0156734 -0.0167737 0.280533 0.940741 0.202791 0.89393 0.139652 0.85398 0.101022 0.823824 -0.0348867 -0.058004 0.471 1.81029e-15 0
2.59739 -1.18926 1.859 -1.271 1.18926 -0.0348867 -0.058004 0.28129 0.942248 0.203031 0.895742 0.138923 0.856139 0.0993007 0.8263 -0.0392462 -0.0617174 0.474 1.90868e-14 0
2.59739 -1.18926 1.859 -1.271 1.18926 -0.0348867 -0.058004 0.28129 0.942248 0.203031 0.895742 0.138923 0.856139 0.0993007 0.8263 -0.0392462 -0.0617174 0.486 1.2502e-14 0
2.59565 -1.19184 1.859 -1.271 1.19184 -0.0348867 -0.058004 0.281512 0.942599 0.203182 0.896099 0.138928 0.856494 0.0991529 0.826651 0.00707087 -0.0240624 0.468 3.06592e-15 0
2.5939 -1.1948 1.859 -1.271 1.1948 -0.0392462 -0.0617174 0.281165 0.941712 0.203247 0.894883 0.139734 0.854887 0.100716 0.824682 0.0553994 0.0153737 0.456 1.02035e-14 0
2.5939 -1.1948 1.859 -1.271 1.1948 -0.0392462 -0.0617174 0.281165 0.941712 0.203247 0.894883 0.139734 0.854887 0.100716 0.824682 0.0553994 0.0153737 0.431 2.72222e-15 0
2.59194 -1.19789 1.859 -1.271 1.19789 0.0553994 0.0153737 0.280815 0.940765 0.203351 0.893577 0.140644 0.853154 0.102444 0.822552 0.0822959 0.0374102 0.454 4.61743e-15 0
2.59194 -1.19789 1.859 -1.271 1.19789 0.0553994 0.0153737 0.280815 0.940765 0.203351 0.893577 0.140644 0.853154 0.102444 0.822552 0.0822959 0.0374102 0.432 8.66398e-15 0
2.59471 -1.19785 1.859 -1.271 1.19785 0.0822959 0.0374102 0.280452 0.939766 0.203482 0.892195 0.141626 0.851315 0.104322 0.820286 0.0655615 0.0236559 0.479 4.48748e-15 0
2.59471 -1.19785 1.859 -1.271 1.19785 0.0822959 0.0374102 0.280452 0.939766 0.203482 0.892195 0.141626 0.851315 0.104322 0.820286 0.0655615 0.0236559 0.431 7.01385e-15 0
2.59883 -1.19615 1.859 -1.271 1.19615 0.0655615 0.0236559 0.281064 0.940904 0.203723 0.893513 0.141193 0.852833 0.103166 0.821987 0.0116216 -0.0209265 0.467 5.44067e-15 0
2.59883 -1.19615 1.859 -1.271 1.19615 0.0655615 0.0236559 0.281064 0.940904 0.203723 0.893513 0.141193 0.852833 0.103166 0.821987 0.0116216 -0.0209265 0.442 1.47602e-14 0
2.6021 -1.19484 1.859 -1.271 1.19484 0.0116216 -0.0209265 0.282038 0.94285 0.204016 0.89586 0.140223 0.855638 0.100909 0.82521 -0.0400221 -0.0638219 0.447 4.89423e-15 0
2.6021 -1.19484 1.859 -1.271 1.19484 0.0116216 -0.0209265 0.282038 0.94285 0.204016 0.89586 0.140223 0.855638 0.100909 0.82521 -0.0400221 -0.0638219 0.439 8.12846e-15 0
2.60269 -1.19552 1.859 -1.271 1.19552 0.0116216 -0.0209265 0.28283 0.944385 0.204288 0.897709 0.139519 0.857847 0.0992007 0.827748 -0.0401306 -0.0641042 0.463 9.50981e-15 0
2.60327 -1.19663 1.859 -1.271 1.19663 -0.0400221 -0.0638219 0.283011 0.944638 0.204439 0.89794 0.139596 0.858045 0.0991997 0.827912 -0.0359724 -0.0609118 0.44 1.48087e-14 0
2.60327 -1.19663 1.859 -1.271 1.19663 -0.0400221 -0.0638219 0.283011 0.944638 0.204439 0.89794 0.139596 0.858045 0.0991997 0.827912 -0.0359724 -0.0609118 0.464 1.84894e-14 0
2.60127 -1.19947 1.859 -1.271 1.19947 -0.0359724 -0.0609118 0.283164 0.944795 0.2046 0.898041 0.139756 0.858074 0.0993543 0.82787 0.0156184 -0.0180913 0.477 4.73656e-15 0
2.60127 -1.19947 1.859 -1.271 1.19947 -0.0359724 -0.0609118 0.283164 0.944795 0.2046 0.898041 0.139756 0.858074 0.0993543 0.82787 0.0156184 -0.0180913 0.466 1.95496e-14 0
2.59947 -1.20261 1.859 -1.271 1.20261 0.0156184 -0.0180913 0.282772 0.943832 0.204658 0.896711 0.140622 0.856306 0.101053 0.825696 0.0608238 0.0195519 0.463 3.93335e-15 0
2.59947 -1.20261 1.859 -1.271 1.20261 0.0156184 -0.0180913 0.282772 0.943832 0.204658 0.896711 0.140622 0.856306 0.101053 0.825696 0.0608238 0.0195519 0.465 5.23178e-15 0
2.60025 -1.20392 1.859 -1.271 1.20392 0.0608238 0.0195519 0.282399 0.942852 0.204751 0.895356 0.141547 0.854503 0.102822 0.823476 0.0627262 0.0210897 0.468 5.20248e-15 0
2.60025 -1.20392 1.859 -1.271 1.20392 0.0608238 0.0195519 0.282399 0.942852 0.204751 0.895356 0.141547 0.854503 0.102822 0.823476 0.0627262 0.0210897 0.462 2.90076e-15 0
2.60329 -1.20327 1.859 -1.271 1.20327 0.0627262 0.0210897 0.282611 0.943097 0.204959 0.89554 0.141723 0.854607 0.102962 0.823501 0.0294652 -0.00696039 0.465 4.35092e-15 0
2.60329 -1.20327 1.859 -1.271 1.20327 0.0627262 0.0210897 0.282611 0.943097 0.204959 0.89554 0.141723 0.854607 0.102962 0.823501 0.0294652 -0.00696039 0.486 3.83092e-15 0
2.60643 -1.20222 1.859 -1.271 1.20222 0.0294652 -0.00696039 0.283347 0.944466 0.205249 0.897154 0.141176 0.856499 0.101561 0.825643 -0.0174394 -0.0466776 0.466 9.84381e-15 0
2.60643 -1.20222 1.859 -1.271 1.20222 0.0294652 -0.00696039 0.283347 0.944466 0.205249 0.897154 0.141176 0.856499 0.101561 0.825643 -0.0174394 -0.0466776 0.475 1.78704e-14 0
2.6079 -1.20234 1.859 -1.271 1.20234 -0.0174394 -0.0466776 0.284126 0.945923 0.205551 0.898893 0.140578 0.858562 0.100032 0.827999 -0.0333046 -0.0603093 0.467 5.48927e-15 0
2.6079 -1.20234 1.859 -1.271 1.20234 -0.0174394 -0.0466776 0.284126 0.945923 0.205551 0.898893 0.140578 0.858562 0.100032 0.827999 -0.0333046 -0.0603093 0.474 1.25103e-14 0
2.60703 -1.20438 1.859 -1.271 1.20438 -0.0333046 -0.0603093 0.284521 0.94659 0.205766 0.89964 0.140443 0.859397 0.099531 0.828908 -0.00299744 -0.0348406 0.465 1.77614e-14 0
2.60703 -1.20438 1.859 -1.271 1.20438 -0.0333046 -0.0603093 0.284521 0.94659 0.205766 0.89964 0.140443 0.859397 0.099531 0.828908 -0.00299744 -0.0348406 0.475 6.90448e-15 0
2.60536 -1.20733 1.859 -1.271 1.20733 -0.00299744 -0.0348406 0.284363 0.946125 0.205855 0.898948 0.140972 0.858433 0.100515 0.827689 0.0456012 0.0062744 0.456 1.14747e-14 0
2.60536 -1.20733 1.859 -1.271 1.20733 -0.00299744 -0.0348406 0.284363 0.946125 0.205855 0.898948 0.140972 0.858433 0.100515 0.827689 0.0456012 0.0062744 0.472 5.9908e-15 0
2.60521 -1.20934 1.859 -1.271 1.20934 0.0456012 0.0062744 0.284013 0.945236 0.205927 0.897707 0.141798 0.85677 0.102119 0.825634 0.0606753 0.0190137 0.463 2.01905e-14 0
2.60521 -1.20934 1.859 -1.271 1.20934 0.0456012 0.0062744 0.284013 0.945236 0.205927 0.897707 0.141798 0.85677 0.102119 0.825634 0.0606753 0.0190137 0.447 9.31884e-15 0
2.60749 -1.20939 1.859 -1.271 1.20939 0.0606753 0.0190137 0.284015 0.945042 0.206095 0.897335 0.142246 0.856183 0.102851 0.824842 0.0413774 0.00240142 0.454 5.90392e-15 0
2.60749 -1.20939 1.859 -1.271 1.20939 0.0606753 0.0190137 0.284015 0.945042 0.206095 0.897335 0.142246 0.856183 0.102851 0.824842 0.0413774 0.00240142 0.477 1.4487e-14 0
2.61053 -1.20854 1.859 -1.271 1.20854 0.0606753 0.0190137 0.284585 0.946022 0.206377 0.898453 0.141978 0.857455 0.102015 0.826248 -0.00187273 -0.0348807 0.454 3.26681e-15 0
2.61053 -1.20854 1.859 -1.271 1.20854 0.0606753 0.0190137 0.284585 0.946022 0.206377 0.898453 0.141978 0.857455 0.102015 0.826248 -0.00187273 -0.0348807 0.49 1.13402e-14 0
2.61356 -1.2076 1.859 -1.271 1.2076 0.0413774 0.00240142 0.285353 0.947414 0.206702 0.900103 0.141464 0.859402 0.10063 0.82846 -0.0458735 -0.0730332 0.468 5.51221e-15 0
2.61563 -1.20736 1.859 -1.271 1.20736 -0.00187273 -0.0348807 0.286124 0.948792 0.207036 0.901746 0.140971 0.861354 0.0992206 0.830687 -0.0717834 -0.0957573 0.481 4.64677e-15 0
2.61563 -1.20736 1.859 -1.271 1.20736 -0.00187273 -0.0348807 0.286124 0.948792 0.207036 0.901746 0.140971 0.861354 0.0992206 0.830687 -0.0717834 -0.0957573 0.466 3.55645e-15 0
2.61554 -1.20882 1.859 -1.271 1.20882 -0.0717834 -0.0957573 0.286672 0.949719 0.207319 0.902821 0.140741 0.862597 0.0983841 0.832077 -0.0560868 -0.0825273 0.481 1.95055e-14 0
2.61554 -1.20882 1.859 -1.271 1.20882 -0.0717834 -0.0957573 0.286672 0.949719 0.207319 0.902821 0.140741 0.862597 0.0983841 0.832077 -0.0560868 -0.0825273 0.468 4.92272e-15 0
2.61195 -1.21315 1.859 -1.271 1.21315 -0.0560868 -0.0825273 0.286699 0.949631 0.207451 0.902601 0.141051 0.862218 0.0989022 0.831546 0.0278041 -0.00999917 0.462 1.75661e-14 0
2.61195 -1.21315 1.859 -1.271 1.21315 -0.0560868 -0.0825273 0.286699 0.949631 0.207451 0.902601 0.141051 0.862218 0.0989022 0.831546 0.0278041 -0.00999917 0.446 1.49596e-14 0
2.60914 -1.21747 1.859 -1.271 1.21747 0.0278041 -0.00999917 0.285891 0.947891 0.20737 0.900273 0.142297 0.85919 0.101628 0.827871 0.0785591 0.0340101 0.469 1.4441e-15 0
2.60914 -1.21747 1.859 -1.271 1.21747 0.0278041 -0.00999917 0.285891 0.947891 0.20737 0.900273 0.142297 0.85919 0.101628 0.827871 0.0785591 0.0340101 0.454 4.20405e-15 0
2.61053 -1.2186 1.859 -1.271 1.2186 0.078559 0.0340101 0.285258 0.946402 0.207402 0.898251 0.143522 0.85653 0.104081 0.824619 0.0763293 0.0319849 0.473 3.31103e-15 0
2.61053 -1.2186 1.859 -1.271 1.2186 0.078559 0.0340101 0.285258 0.946402 0.207402 0.898251 0.143522 0.85653 0.104081 0.824619 0.0763293 0.0319849 0.47 1.01609e-14 0
2.61446 -1.21724 1.859 -1.271 1.21724 0.0763293 0.0319849 0.285617 0.946904 0.207669 0.898744 0.143596 0.857007 0.103954 0.82507 0.0401508 0.000125862 0.486 1.3417e-15 0
2.61446 -1.21724 1.859 -1.271 1.21724 0.0763293 0.0319849 0.285617 0.946904 0.207669 0.898744 0.143596 0.857007 0.103954 0.82507 0.0401508 0.000125862 0.471 2.32665e-14 0
2.61828 -1.21561 1.859 -1.271 1.21561 0.0401508 0.000125862 0.28661 0.948705 0.208071 0.900899 0.142891 0.859575 0.102096 0.828008 -0.0189138 -0.0520872 0.488 7.97302e-15 0
2.61828 -1.21561 1.859 -1.271 1.21561 0.0401508 0.000125862 0.28661 0.948705 0.208071 0.900899 0.142891 0.859575 0.102096 0.828008 -0.0189138 -0.0520872 0.497 3.00574e-15 0
2.62029 -1.21536 1.859 -1.271 1.21536 -0.0189138 -0.0520872 0.287598 0.950482 0.20848 0.903045 0.142213 0.862154 0.100183 0.830976 -0.0438119 -0.0743948 0.486 2.3575e-14 0
2.62029 -1.21536 1.859 -1.271 1.21536 -0.0189138 -0.0520872 0.287598 0.950482 0.20848 0.903045 0.142213 0.862154 0.100183 0.830976 -0.0438119 -0.0743948 0.479 2.94019e-15 0
2.61934 -1.21758 1.859 -1.271 1.21758 -0.0438119 -0.0743948 0.288145 0.951392 0.208771 0.904097 0.142008 0.863372 0.0993684 0.832336 -0.0110635 -0.0457245 0.486 1.1957e-14 0
2.61934 -1.21758 1.859 -1.271 1.21758 -0.0438119 -0.0743948 0.288145 0.951392 0.208771 0.904097 0.142008 0.863372 0.0993684 0.832336 -0.0110635 -0.0457245 0.484 3.33165e-15 0
2.61715 -1.22118 1.859 -1.271 1.22118 -0.0110635 -0.0457245 0.287961 0.950898 0.208843 0.903356 0.142536 0.862334 0.100447 0.831021 0.0493176 0.00761222 0.478 2.96902e-15 0
2.61715 -1.22118 1.859 -1.271 1.22118 -0.0110635 -0.0457245 0.287961 0.950898 0.208843 0.903356 0.142536 0.862334 0.100447 0.831021 0.0493176 0.00761222 0.473 2.07259e-14 0
2.6166 -1.22375 1.859 -1.271 1.22375 0.0493176 0.00761222 0.287462 0.949755 0.208853 0.901775 0.143466 0.860231 0.102432 0.82843 0.0680846 0.0241638 0.484 1.62815e-14 0
2.6166 -1.22375 1.859 -1.271 1.22375 0.0493176 0.00761222 0.287462 0.949755 0.208853 0.901775 0.143466 0.860231 0.102432 0.82843 0.0680846 0.0241638 0.47 2.61809e-15 0
2.61906 -1.22382 1.859 -1.271 1.22382 0.0680846 0.0241638 0.287364 0.949353 0.209005 0.901125 0.144051 0.859279 0.103485 0.827194 0.0544073 0.0117468 0.487 1.47979e-14 0
2.61906 -1.22382 1.859 -1.271 1.22382 0.0680846 0.0241638 0.287364 0.949353 0.209005 0.901125 0.144051 0.859279 0.103485 0.827194 0.0544073 0.0117468 0.472 2.04287e-15 0
2.62247 -1.22273 1.859 -1.271 1.22273 0.0544073 0.0117468 0.288006 0.9504 0.209352 0.902316 0.143832 0.860639 0.102637 0.828697 0.00601946 -0.0319658 0.485 3.39553e-15 0
2.62247 -1.22273 1.859 -1.271 1.22273 0.0544073 0.0117468 0.288006 0.9504 0.209352 0.902316 0.143832 0.860639 0.102637 0.828697 0.00601946 -0.0319658 0.479 6.77873e-15 0
2.62519 -1.22205 1.859 -1.271 1.22205 0.00601946 -0.0319658 0.288911 0.951961 0.209772 0.904173 0.143337 0.862846 0.101057 0.831214 -0.030584 -0.0653306 0.485 6.89758e-15 0
2.62519 -1.22205 1.859 -1.271 1.22205 0.00601946 -0.0319658 0.288911 0.951961 0.209772 0.904173 0.143337 0.862846 0.101057 0.831214 -0.030584 -0.0653306 0.481 1.08089e-14 0
2.62549 -1.22332 1.859 -1.271 1.22332 -0.030584 -0.0653306 0.28965 0.953196 0.210147 0.905628 0.143017 0.864562 0.0998465 0.83316 -0.0210499 -0.0570889 0.484 1.83016e-14 0
2.62549 -1.22332 1.859 -1.271 1.22332 -0.030584 -0.0653306 0.28965 0.953196 0.210147 0.905628 0.143017 0.864562 0.0998465 0.83316 -0.0210499 -0.0570889 0.468 4.76998e-15 0
2.62396 -1.22637 1.859 -1.271 1.22637 -0.0210499 -0.0570889 0.289783 0.953296 0.210325 0.905636 0.14326 0.864459 0.100162 0.832946 0.0262721 -0.0145016 0.451 8.39959e-15 0
2.62396 -1.22637 1.859 -1.271 1.22637 -0.0210499 -0.0570889 0.289783 0.953296 0.210325 0.905636 0.14326 0.864459 0.100162 0.832946 0.0262721 -0.0145016 0.459 2.24823e-14 0
2.62291 -1.22935 1.859 -1.271 1.22935 0.0262721 -0.0145016 0.289441 0.952485 0.210363 0.904475 0.143979 0.862876 0.101737 0.83097 0.061584 0.0173897 0.459 1.49018e-14 0
2.62291 -1.22935 1.859 -1.271 1.22935 0.0262721 -0.0145016 0.289441 0.952485 0.210363 0.904475 0.143979 0.862876 0.101737 0.83097 0.061584 0.0173897 0.459 6.34129e-15 0
2.62422 -1.23044 1.859 -1.271 1.23044 0.061584 0.0173897 0.289216 0.951859 0.210466 0.903535 0.144662 0.861559 0.10311 0.829297 0.0599714 0.0156873 0.448 9.2951e-15 0
2.62422 -1.23044 1.859 -1.271 1.23044 0.061584 0.0173897 0.289216 0.951859 0.210466 0.903535 0.144662 0.861559 0.10311 0.829297 0.0599714 0.0156873 0.458 7.62964e-15 0
2.6273 -1.22982 1.859 -1.271 1.22982 0.0599714 0.0156873 0.289585 0.95235 0.210755 0.904013 0.144779 0.86202 0.103013 0.829731 0.0247085 -0.0169967 0.473 3.98741e-15 0
2.6273 -1.22982 1.859 -1.271 1.22982 0.0599714 0.0156873 0.289585 0.95235 0.210755 0.904013 0.144779 0.86202 0.103013 0.829731 0.0247085 -0.0169967 0.46 5.67388e-15 0
2.6303 -1.22902 1.859 -1.271 1.22902 0.0247085 -0.0169967 0.290417 0.95372 0.211183 0.90562 0.14444 0.863908 0.101711 0.831865 -0.0154725 -0.0544616 0.459 4.72589e-15 0
2.6303 -1.22902 1.859 -1.271 1.22902 0.0247085 -0.0169967 0.290417 0.95372 0.211183 0.90562 0.14444 0.863908 0.101711 0.831865 -0.0154725 -0.0544616 0.467 5.60856e-15 0
2.63154 -1.22963 1.859 -1.271 1.22963 -0.0154725 -0.0544616 0.291246 0.955081 0.211615 0.907226 0.144114 0.865807 0.100366 0.834022 -0.0224545 -0.0613832 0.47 1.79537e-14 0
2.63154 -1.22963 1.859 -1.271 1.22963 -0.0154725 -0.0544616 0.291246 0.955081 0.211615 0.907226 0.144114 0.865807 0.100366 0.834022 -0.0224545 -0.0613832 0.456 1.57941e-14 0
2.63076 -1.2321 1.859 -1.271 1.2321 -0.0224545 -0.0613832 0.291625 0.955613 0.211891 0.907777 0.14418 0.866383 0.100133 0.834609 0.0107226 -0.0309902 0.458 6.87676e-15 0
2.63076 -1.2321 1.859 -1.271 1.2321 -0.0224545 -0.0613832 0.291625 0.955613 0.211891 0.907777 0.14418 0.866383 0.100133 0.834609 0.0107226 -0.0309902 0.454 3.54968e-15 0
2.62964 -1.23517 1.859 -1.271 1.23517 0.0107226 -0.0309902 0.291474 0.95517 0.211987 0.907078 0.144709 0.865375 0.10124 0.833309 0.0535088 0.00855657 0.449 6.6153e-15 0
2.62964 -1.23517 1.859 -1.271 1.23517 0.0107226 -0.0309902 0.291474 0.95517 0.211987 0.907078 0.144709 0.865375 0.10124 0.833309 0.0535088 0.00855657 0.447 1.33647e-14 0
2.63018 -1.23699 1.859 -1.271 1.23699 0.0535088 0.00855657 0.291227 0.954522 0.212071 0.906103 0.145382 0.864008 0.102679 0.831572 0.0613487 0.0156081 0.456 6.67634e-15 0
2.63018 -1.23699 1.859 -1.271 1.23699 0.0535088 0.00855657 0.291227 0.954522 0.212071 0.906103 0.145382 0.864008 0.102679 0.831572 0.0613487 0.0156081 0.447 1.46745e-14 0
2.63285 -1.23687 1.859 -1.271 1.23687 0.0613487 0.0156081 0.291406 0.954641 0.212311 0.906101 0.14571 0.86386 0.103107 0.831278 0.0367555 -0.00790467 0.485 6.66114e-15 0
2.63285 -1.23687 1.859 -1.271 1.23687 0.0613487 0.0156081 0.291406 0.954641 0.212311 0.906101 0.14571 0.86386 0.103107 0.831278 0.0367555 -0.00790467 0.472 1.21305e-14 0
2.63592 -1.23614 1.859 -1.271 1.23614 0.0367555 -0.00790467 0.292147 0.955793 0.212739 0.90742 0.145536 0.865383 0.102122 0.832974 -0.00269741 -0.0456904 0.484 9.57112e-15 0
2.63592 -1.23614 1.859 -1.271 1.23614 0.0367555 -0.00790467 0.292147 0.955793 0.212739 0.90742 0.145536 0.865383 0.102122 0.832974 -0.00269741 -0.0456904 0.48 6.39345e-15 0
2.63776 -1.23637 1.859 -1.271 1.23637 -0.00269741 -0.0456904 0.293015 0.957174 0.213211 0.909044 0.145264 0.867299 0.100815 0.835144 -0.0194646 -0.0621723 0.485 1.13005e-14 0
2.63776 -1.23637 1.859 -1.271 1.23637 -0.00269741 -0.0456904 0.293015 0.957174 0.213211 0.909044 0.145264 0.867299 0.100815 0.835144 -0.0194646 -0.0621723 0.486 4.31818e-15 0
2.63762 -1.2384 1.859 -1.271 1.2384 -0.0194646 -0.0621723 0.293563 0.95798 0.213557 0.909937 0.145251 0.868298 0.100263 0.83623 0.00250535 -0.0417527 0.48 1.81973e-14 0
2.63762 -1.2384 1.859 -1.271 1.2384 -0.0194646 -0.0621723 0.293563 0.95798 0.213557 0.909937 0.145251 0.868298 0.100263 0.83623 0.00250535 -0.0417527 0.485 6.63759e-15 0
2.63665 -1.24144 1.859 -1.271 1.24144 0.00250535 -0.0417527 0.293583 0.957842 0.213727 0.909616 0.145652 0.867761 0.100988 0.835482 0.0431973 -0.00324069 0.477 1.71965e-14 0
2.63665 -1.24144 1.859 -1.271 1.24144 0.00250535 -0.0417527 0.293583 0.957842 0.213727 0.909616 0.145652 0.867761 0.100988 0.835482 0.0431973 -0.00324069 0.483 8.70512e-15 0
2.63678 -1.24372 1.859 -1.271 1.24372 0.0431973 -0.00324069 0.293371 0.957269 0.213825 0.908729 0.146278 0.866496 0.10234 0.833859 0.0612653 0.0137574 0.483 6.23372e-15 0
2.63678 -1.24372 1.859 -1.271 1.24372 0.0431973 -0.00324069 0.293371 0.957269 0.213825 0.908729 0.146278 0.866496 0.10234 0.833859 0.0612653 0.0137574 0.472 2.01545e-14 0
2.63894 -1.24418 1.859 -1.271 1.24418 0.0612653 0.0137574 0.293447 0.957192 0.214038 0.908466 0.146715 0.866011 0.103067 0.833159 0.0474453 -5.1708e-05 0.485 2.48009e-15 0
2.63894 -1.24418 1.859 -1.271 1.24418 0.0612653 0.0137574 0.293447 0.957192 0.214038 0.908466 0.146715 0.866011 0.103067 0.833159 0.0474453 -5.1708e-05 0.474 1.49674e-14 0
2.642 -1.24362 1.859 -1.271 1.24362 0.0474453 -5.1708e-05 0.294069 0.958085 0.21445 0.909446 0.146718 0.8671 0.102488 0.834332 0.0106145 -0.0364386 0.487 7.31936e-15 0
2.642 -1.24362 1.859 -1.271 1.24362 0.0474453 -5.1708e-05 0.294069 0.958085 0.21445 0.909446 0.146718 0.8671 0.102488 0.834332 0.0106145 -0.0364386 0.484 5.71939e-15 0
2.64437 -1.24353 1.859 -1.271 1.24353 0.0106145 -0.0364386 0.294952 0.959443 0.214939 0.911029 0.146523 0.86896 0.101257 0.836431 -0.0142272 -0.0614064 0.483 3.1015e-15 0
2.64437 -1.24353 1.859 -1.271 1.24353 0.0106145 -0.0364386 0.294952 0.959443 0.214939 0.911029 0.146523 0.86896 0.101257 0.836431 -0.0142272 -0.0614064 0.481 9.09632e-15 0
2.6449 -1.24511 1.859 -1.271 1.24511 -0.0142272 -0.0614064 0.295661 0.960489 0.215348 0.912219 0.146467 0.870329 0.100421 0.83795 -0.00349307 -0.0515405 0.485 7.28396e-15 0
2.6449 -1.24511 1.859 -1.271 1.24511 -0.0142272 -0.0614064 0.295661 0.960489 0.215348 0.912219 0.146467 0.870329 0.100421 0.83795 -0.00349307 -0.0515405 0.482 1.1078e-14 0
2.64419 -1.24804 1.859 -1.271 1.24804 -0.00349307 -0.0515405 0.295867 0.960663 0.215598 0.912288 0.146764 0.870275 0.10077 0.837769 0.0333468 -0.0157827 0.493 3.60916e-15 0
2.64419 -1.24804 1.859 -1.271 1.24804 -0.00349307 -0.0515405 0.295867 0.960663 0.215598 0.912288 0.146764 0.870275 0.10077 0.837769 0.0333468 -0.0157827 0.476 5.07067e-15 0
2.64402 -1.25073 1.859 -1.271 1.25073 0.0333468 -0.0157827 0.295724 0.960218 0.215747 0.911551 0.147332 0.86919 0.101995 0.836352 0.0606559 0.0107976 0.496 5.93387e-15 0
2.64402 -1.25073 1.859 -1.271 1.25073 0.0333468 -0.0157827 0.295724 0.960218 0.215747 0.911551 0.147332 0.86919 0.101995 0.836352 0.0606559 0.0107976 0.47 9.16632e-15 0
2.64569 -1.25181 1.859 -1.271 1.25181 0.0606559 0.0107976 0.295723 0.959996 0.215952 0.911091 0.147846 0.868446 0.102962 0.835333 0.0565729 0.00618678 0.502 1.55121e-14 0
2.64569 -1.25181 1.859 -1.271 1.25181 0.0606559 0.0107976 0.295723 0.959996 0.215952 0.911091 0.147846 0.868446 0.102962 0.835333 0.0565729 0.00618678 0.473 1.30104e-14 0
2.64872 -1.25146 1.859 -1.271 1.25146 0.0565729 0.00618678 0.296226 0.960643 0.216334 0.911744 0.148011 0.869111 0.10276 0.835994 0.0232555 -0.0279553 0.486 1.14692e-14 0
2.64872 -1.25146 1.859 -1.271 1.25146 0.0565729 0.00618678 0.296226 0.960643 0.216334 0.911744 0.148011 0.869111 0.10276 0.835994 0.0232555 -0.0279553 0.789 6.05283e-15 0
2.65155 -1.25112 1.859 -1.271 1.25112 0.0232555 -0.0279553 0.297121 0.961963 0.216834 0.913267 0.147907 0.870888 0.101622 0.837987 -0.0077089 -0.0600901 0.552 2.05621e-14 0
2.65155 -1.25112 1.859 -1.271 1.25112 0.0232555 -0.0279553 0.297121 0.961963 0.216834 0.913267 0.147907 0.870888 0.101622 0.837987 -0.0077089 -0.0600901 0.527 4.2566e-15 0
2.65155 -1.25112 1.859 -1.271 1.25112 0.0232555 -0.0279553 0.297121 0.961963 0.216834 0.913267 0.147907 0.870888 0.101622 0.837987 -0.0077089 -0.0600901 0.552 1.65497e-15 0
2.65271 -1.25229 1.859 -1.271 1.25229 -0.0077089 -0.0600901 0.297976 0.96321 0.217299 0.914705 0.147829 0.872564 0.10056 0.839864 -0.00696859 -0.0602186 0.541 4.18384e-15 0
2.65271 -1.25229 1.859 -1.271 1.25229 -0.0077089 -0.0600901 0.297976 0.96321 0.217299 0.914705 0.147829 0.872564 0.10056 0.839864 -0.00696859 -0.0602186 0.539 6.04716e-15 0
2.65233 -1.25511 1.859 -1.271 1.25511 -0.00696859 -0.0602186 0.29837 0.963676 0.217624 0.915137 0.14805 0.872959 0.100563 0.840211 0.0253892 -0.0279593 0.525 8.15043e-15 0
2.65233 -1.25511 1.859 -1.271 1.25511 -0.00696859 -0.0602186 0.29837 0.963676 0.217624 0.915137 0.14805 0.872959 0.100563 0.840211 0.0253892 -0.0279593 0.535 2.68802e-15 0
2.65198 -1.25817 1.859 -1.271 1.25817 0.0253892 -0.0279593 0.298318 0.963384 0.217833 0.914582 0.148587 0.872091 0.101637 0.839042 0.0596863 0.0066022 0.532 3.18753e-15 0
2.65198 -1.25817 1.859 -1.271 1.25817 0.0253892 -0.0279593 0.298318 0.963384 0.217833 0.914582 0.148587 0.872091 0.101637 0.839042 0.0596863 0.0066022 0.838 7.963e-15 0
2.65198 -1.25817 1.859 -1.271 1.25817 0.0253892 -0.0279593 0.298318 0.963384 0.217833 0.914582 0.148587 0.872091 0.101637 0.839042 0.0596863 0.0066022 0.52 2.19035e-15 0
2.65325 -1.25982 1.859 -1.271 1.25982 0.0596863 0.0066022 0.298271 0.963076 0.218054 0.913995 0.149157 0.871171 0.102782 0.837799 0.0627663 0.00911388 0.527 2.79715e-15 0
2.65325 -1.25982 1.859 -1.271 1.25982 0.0596863 0.0066022 0.298271 0.963076 0.218054 0.913995 0.149157 0.871171 0.102782 0.837799 0.0627663 0.00911388 0.532 7.63277e-15 0
2.65623 -1.25974 1.859 -1.271 1.25974 0.0627663 0.00911388 0.298678 0.96352 0.218423 0.914373 0.149457 0.871474 0.102915 0.838015 0.0352813 -0.0203897 0.534 9.03819e-15 0
2.65623 -1.25974 1.859 -1.271 1.25974 0.0627663 0.00911388 0.298678 0.96352 0.218423 0.914373 0.149457 0.871474 0.102915 0.838015 0.0352813 -0.0203897 0.52 2.04191e-15 0
2.65937 -1.2593 1.859 -1.271 1.2593 0.0352813 -0.0203897 0.29958 0.964793 0.218935 0.915824 0.149428 0.873149 0.101894 0.83988 0.00157764 -0.056842 0.531 1.22499e-14 0
2.65937 -1.2593 1.859 -1.271 1.2593 0.0352813 -0.0203897 0.29958 0.964793 0.218935 0.915824 0.149428 0.873149 0.101894 0.83988 0.00157764 -0.056842 0.527 1.36102e-14 0
2.66113 -1.26013 1.859 -1.271 1.26013 0.00157764 -0.056842 0.300549 0.96617 0.219449 0.917418 0.14933 0.875013 0.100706 0.841973 -0.00618817 -0.0662149 0.531 7.41336e-15 0
2.66113 -1.26013 1.859 -1.271 1.26013 0.00157764 -0.056842 0.300549 0.96617 0.219449 0.917418 0.14933 0.875013 0.100706 0.841973 -0.00618817 -0.0662149 0.572 2.14294e-14 0
2.66121 -1.26276 1.859 -1.271 1.26276 -0.00618817 -0.0662149 0.30113 0.966906 0.219857 0.918183 0.149483 0.875819 0.100402 0.842801 0.0198854 -0.0395631 0.515 1.758e-14 0
2.66121 -1.26276 1.859 -1.271 1.26276 -0.00618817 -0.0662149 0.30113 0.966906 0.219857 0.918183 0.149483 0.875819 0.100402 0.842801 0.0198854 -0.0395631 0.8 5.59484e-15 0
2.66121 -1.26276 1.859 -1.271 1.26276 -0.00618817 -0.0662149 0.30113 0.966906 0.219857 0.918183 0.149483 0.875819 0.100402 0.842801 0.0198854 -0.0395631 0.517 8.98909e-15 0
2.6609 -1.26605 1.859 -1.271 1.26605 0.0198854 -0.0395631 0.301217 0.966827 0.220132 0.917884 0.149995 0.875259 0.101257 0.841986 0.0561229 -0.00168814 0.497 4.27491e-15 0
2.6609 -1.26605 1.859 -1.271 1.26605 0.0198854 -0.0395631 0.301217 0.966827 0.220132 0.917884 0.149995 0.875259 0.101257 0.841986 0.0561229 -0.00168814 0.51 2.14604e-15 0
2.6619 -1.26824 1.859 -1.271 1.26824 0.0561229 -0.00168814 0.301183 0.96653 0.220392 0.91729 0.150626 0.874312 0.102466 0.840687 0.0665663 0.0086821 0.507 4.50291e-15 0
2.6619 -1.26824 1.859 -1.271 1.26824 0.0561229 -0.00168814 0.301183 0.96653 0.220392 0.91729 0.150626 0.874312 0.102466 0.840687 0.0665663 0.0086821 0.51 5.05393e-15 0
2.66471 -1.26859 1.859 -1.271 1.26859 0.0665663 0.0086821 0.301524 0.96683 0.220772 0.917462 0.151036 0.874335 0.102877 0.840547 0.0476235 -0.0130613 0.491 5.4995e-15 0
2.66471 -1.26859 1.859 -1.271 1.26859 0.0665663 0.0086821 0.301524 0.96683 0.220772 0.917462 0.151036 0.874335 0.102877 0.840547 0.0476235 -0.0130613 0.513 9.71179e-15 0
2.66803 -1.26823 1.859 -1.271 1.26823 0.0476235 -0.0130613 0.302401 0.967996 0.221304 0.91876 0.151089 0.8758 0.102072 0.842153 0.0145247 -0.0508109 0.508 2.04005e-15 0
2.66803 -1.26823 1.859 -1.271 1.26823 0.0476235 -0.0130613 0.302401 0.967996 0.221304 0.91876 0.151089 0.8758 0.102072 0.842153 0.0145247 -0.0508109 0.534 2.26205e-15 0
2.67042 -1.26875 1.859 -1.271 1.26875 0.0145247 -0.0508109 0.303456 0.96944 0.221895 0.920425 0.151002 0.87774 0.10086 0.844336 -0.000856041 -0.0694333 0.494 1.50365e-14 0
2.67042 -1.26875 1.859 -1.271 1.26875 0.0145247 -0.0508109 0.303456 0.96944 0.221895 0.920425 0.151002 0.87774 0.10086 0.844336 -0.000856041 -0.0694333 0.524 1.65331e-14 0
2.67114 -1.27107 1.859 -1.271 1.27107 -0.000856041 -0.0694333 0.304241 0.970446 0.22241 0.921521 0.1511 0.878953 0.10026 0.84564 0.0165881 -0.051484 0.508 1.45578e-14 0
2.67114 -1.27107 1.859 -1.271 1.27107 -0.000856041 -0.0694333 0.304241 0.970446 0.22241 0.921521 0.1511 0.878953 0.10026 0.84564 0.0165881 -0.051484 0.85 5.0607e-15 0
2.67114 -1.27107 1.859 -1.271 1.27107 -0.000856041 -0.0694333 0.304241 0.970446 0.22241 0.921521 0.1511 0.878953 0.10026 0.84564 0.0165881 -0.051484 0.526 2.06694e-15 0
2.6711 -1.27447 1.859 -1.271 1.27447 0.0165881 -0.051484 0.30453 0.97066 0.222777 0.921578 0.151558 0.878827 0.100803 0.845322 0.0514099 -0.0136247 0.524 8.64418e-15 0
2.6711 -1.27447 1.859 -1.271 1.27447 0.0165881 -0.051484 0.30453 0.97066 0.222777 0.921578 0.151558 0.878827 0.100803 0.845322 0.0514099 -0.0136247 0.516 1.37125e-14 0
2.67193 -1.2772 1.859 -1.271 1.2772 0.0514099 -0.0136247 0.30458 0.970479 0.223088 0.921106 0.152221 0.87801 0.101957 0.84415 0.0697469 0.00594215 0.553 2.37907e-14 0
2.67193 -1.2772 1.859 -1.271 1.2772 0.0514099 -0.0136247 0.30458 0.970479 0.223088 0.921106 0.152221 0.87801 0.101957 0.84415 0.0697469 0.00594215 0.516 3.75692e-15 0
2.6745 -1.27814 1.859 -1.271 1.27814 0.0697469 0.00594215 0.304887 0.970684 0.223494 0.921129 0.152747 0.877819 0.102605 0.843721 0.0598333 -0.00695552 0.534 7.69621e-15 0
2.6745 -1.27814 1.859 -1.271 1.27814 0.0697469 0.00594215 0.304887 0.970684 0.223494 0.921129 0.152747 0.877819 0.102605 0.843721 0.0598333 -0.00695552 0.727 3.7932e-15 0
2.67799 -1.27796 1.859 -1.271 1.27796 0.0598333 -0.00695552 0.304887 0.970684 0.223494 0.921129 0.152747 0.877819 0.102605 0.843721 0.029419 -0.0441788 0.556 3.95652e-15 0
2.67799 -1.27796 1.859 -1.271 1.27796 0.0598333 -0.00695552 0.305723 0.971713 0.224068 0.922226 0.152924 0.879006 0.102089 0.844976 0.029419 -0.0441788 0.526 9.86595e-15 0
2.67799 -1.27796 1.859 -1.271 1.27796 0.0598333 -0.00695552 0.305723 0.971713 0.224068 0.922226 0.152924 0.879006 0.102089 0.844976 0.029419 -0.0441788 0.534 2.48562e-15 0
2.68098 -1.27824 1.859 -1.271 1.27824 0.029419 -0.0441788 0.306859 0.973201 0.22473 0.923926 0.152924 0.880973 0.100935 0.847186 0.00814295 -0.0714119 0.525 2.01921e-14 0
2.68098 -1.27824 1.859 -1.271 1.27824 0.029419 -0.0441788 0.306859 0.973201 0.22473 0.923926 0.152924 0.880973 0.100935 0.847186 0.00814295 -0.0714119 0.536 8.71674e-15 0
2.68245 -1.28024 1.859 -1.271 1.28024 0.00814295 -0.0714119 0.30786 0.974466 0.22535 0.925338 0.153022 0.882571 0.100133 0.848943 0.0168683 -0.0633414 0.525 4.0627e-15 0
2.68245 -1.28024 1.859 -1.271 1.28024 0.00814295 -0.0714119 0.30786 0.974466 0.22535 0.925338 0.153022 0.882571 0.100133 0.848943 0.0168683 -0.0633414 0.537 1.34984e-14 0
2.68286 -1.28369 1.859 -1.271 1.28369 0.0168683 -0.0633414 0.308397 0.97501 0.225837 0.925795 0.153433 0.88293 0.100364 0.849184 0.0485344 -0.0274341 0.515 7.36085e-15 0
2.68286 -1.28369 1.859 -1.271 1.28369 0.0168683 -0.0633414 0.308397 0.97501 0.225837 0.925795 0.153433 0.88293 0.100364 0.849184 0.0485344 -0.0274341 0.523 9.3993e-15 0
2.68286 -1.28369 1.859 -1.271 1.28369 0.0168683 -0.0633414 0.308397 0.97501 0.225837 0.925795 0.153433 0.88293 0.100364 0.849184 0.0485344 -0.0274341 0.518 4.78079e-15 0
2.6837 -1.28695 1.859 -1.271 1.28695 0.0485344 -0.0274341 0.308595 0.975022 0.226242 0.925538 0.1541 0.882355 0.101376 0.848267 0.0739204 0.00144582 0.528 5.69057e-15 0
2.6837 -1.28695 1.859 -1.271 1.28695 0.0485344 -0.0274341 0.308595 0.975022 0.226242 0.925538 0.1541 0.882355 0.101376 0.848267 0.0739204 0.00144582 0.525 8.01702e-15 0
2.68613 -1.28856 1.859 -1.271 1.28856 0.0739204 0.00144582 0.308923 0.975211 0.226707 0.925499 0.154733 0.88205 0.102201 0.847661 0.0723407 -0.00267922 0.531 1.77864e-14 0
2.68613 -1.28856 1.859 -1.271 1.28856 0.0739204 0.00144582 0.308923 0.975211 0.226707 0.925499 0.154733 0.88205 0.102201 0.847661 0.0723407 -0.00267922 0.575 3.96286e-15 0
2.68982 -1.28867 1.859 -1.271 1.28867 0.0723407 -0.00267922 0.309748 0.976139 0.227327 0.92643 0.155071 0.882993 0.10204 0.84859 0.0459097 -0.0384592 0.531 6.52751e-15 0
2.68982 -1.28867 1.859 -1.271 1.28867 0.0723407 -0.00267922 0.309748 0.976139 0.227327 0.92643 0.155071 0.882993 0.10204 0.84859 0.0459097 -0.0384592 0.534 3.96255e-15 0
2.69344 -1.28878 1.859 -1.271 1.28878 0.0459097 -0.0384592 0.31099 0.977684 0.228069 0.928175 0.155151 0.884992 0.10108 0.850824 0.0210271 -0.0734234 0.552 1.23268e-14 0
2.69344 -1.28878 1.859 -1.271 1.28878 0.0459097 -0.0384592 0.31099 0.977684 0.228069 0.928175 0.155151 0.884992 0.10108 0.850824 0.0210271 -0.0734234 0.552 1.41041e-14 0
2.69344 -1.28878 1.859 -1.271 1.28878 0.0459097 -0.0384592 0.31099 0.977684 0.228069 0.928175 0.155151 0.884992 0.10108 0.850824 0.0210271 -0.0734234 0.552 3.87466e-15 0
2.69574 -1.29052 1.859 -1.271 1.29052 0.0210271 -0.0734234 0.312233 0.979208 0.228814 0.929894 0.155246 0.886957 0.100214 0.853012 0.0224573 -0.0752685 0.531 7.27247e-15 0
2.69574 -1.29052 1.859 -1.271 1.29052 0.0210271 -0.0734234 0.312233 0.979208 0.228814 0.929894 0.155246 0.886957 0.100214 0.853012 0.0224573 -0.0752685 0.538 6.46621e-15 0
2.69679 -1.29403 1.859 -1.271 1.29403 0.0224573 -0.0752685 0.313059 0.980106 0.229451 0.930774 0.155632 0.887825 0.100222 0.853841 0.0504238 -0.0422576 0.531 1.44799e-14 0
2.69679 -1.29403 1.859 -1.271 1.29403 0.0224573 -0.0752685 0.313059 0.980106 0.229451 0.930774 0.155632 0.887825 0.100222 0.853841 0.0504238 -0.0422576 0.555 1.08489e-14 0
2.69791 -1.29784 1.859 -1.271 1.29784 0.0504238 -0.0422576 0.313485 0.980388 0.229997 0.930818 0.156328 0.88759 0.10108 0.853291 0.080536 -0.00557035 0.525 1.30273e-14 0
2.69791 -1.29784 1.859 -1.271 1.29784 0.0504238 -0.0422576 0.313485 0.980388 0.229997 0.930818 0.156328 0.88759 0.10108 0.853291 0.080536 -0.00557035 0.834 5.52934e-15 0
2.69791 -1.29784 1.859 -1.271 1.29784 0.0504238 -0.0422576 0.313485 0.980388 0.229997 0.930818 0.156328 0.88759 0.10108 0.853291 0.080536 -0.00557035 0.526 1.64266e-14 0
2.70043 -1.30016 1.859 -1.271 1.30016 0.080536 -0.00557035 0.313926 0.980669 0.230574 0.930842 0.157075 0.887314 0.102012 0.852672 0.0854085 -0.00255331 0.531 3.65454e-14 0
2.70043 -1.30016 1.859 -1.271 1.30016 0.080536 -0.00557035 0.313926 0.980669 0.230574 0.930842 0.157075 0.887314 0.102012 0.852672 0.0854085 -0.00255331 0.522 3.05536e-15 0
2.70446 -1.30065 1.859 -1.271 1.30065 0.0854085 -0.00255331 0.31482 0.981595 0.231294 0.931715 0.157568 0.888133 0.10217 0.853405 0.0661095 -0.033833 0.532 5.58961e-14 0
2.70446 -1.30065 1.859 -1.271 1.30065 0.0854085 -0.00255331 0.31482 0.981595 0.231294 0.931715 0.157568 0.888133 0.10217 0.853405 0.0661095 -0.033833 0.525 4.629e-15 0
2.70873 -1.30081 1.859 -1.271 1.30081 0.0661095 -0.033833 0.316204 0.983241 0.23216 0.933547 0.157754 0.890204 0.101475 0.85569 0.0419141 -0.0738613 0.549 1.36587e-13 0
2.70873 -1.30081 1.859 -1.271 1.30081 0.0661095 -0.033833 0.316204 0.983241 0.23216 0.933547 0.157754 0.890204 0.101475 0.85569 0.0419141 -0.0738613 0.848 9.80617e-15 0
2.70873 -1.30081 1.859 -1.271 1.30081 0.0661095 -0.033833 0.316204 0.983241 0.23216 0.933547 0.157754 0.890204 0.101475 0.85569 0.0419141 -0.0738613 0.551 9.32399e-15 0
2.71204 -1.30236 1.859 -1.271 1.30236 0.0419141 -0.0738613 0.317668 0.985019 0.233065 0.935554 0.157899 0.8925 0.100698 0.85825 0.0383375 -0.0857979 0.53 2.37345e-13 0
2.71204 -1.30236 1.859 -1.271 1.30236 0.0419141 -0.0738613 0.317668 0.985019 0.233065 0.935554 0.157899 0.8925 0.100698 0.85825 0.0383375 -0.0857979 0.537 1.24563e-14 0
2.71413 -1.30589 1.859 -1.271 1.30589 0.0383375 -0.0857979 0.318835 0.986334 0.23391 0.936923 0.158294 0.893948 0.100534 0.859746 0.0613507 -0.0586661 0.532 4.44286e-13 0
2.71413 -1.30589 1.859 -1.271 1.30589 0.0383375 -0.0857979 0.318835 0.986334 0.23391 0.936923 0.158294 0.893948 0.100534 0.859746 0.0613507 -0.0586661 0.536 6.94048e-15 0
2.71605 -1.31017 1.859 -1.271 1.31017 0.0613507 -0.0586661 0.31964 0.987047 0.234683 0.937455 0.15903 0.894275 0.101213 0.859823 0.0924599 -0.0182125 0.522 8.92637e-13 0
2.71605 -1.31017 1.859 -1.271 1.31017 0.0613507 -0.0586661 0.31964 0.987047 0.234683 0.937455 0.15903 0.894275 0.101213 0.859823 0.0924599 -0.0182125 0.525 1.4442e-14 0
2.71605 -1.31017 1.859 -1.271 1.31017 0.0613507 -0.0586661 0.31964 0.987047 0.234683 0.937455 0.15903 0.894275 0.101213 0.859823 0.0924599 -0.0182125 0.528 7.29631e-15 0
2.71912 -1.31328 1.859 -1.271 1.31328 0.0924599 -0.0182125 0.320392 0.987633 0.235481 0.937789 0.1599 0.894315 0.10216 0.859521 0.104326 -0.0070556 0.503 2.13606e-12 0
2.71912 -1.31328 1.859 -1.271 1.31328 0.0924599 -0.0182125 0.320392 0.987633 0.235481 0.937789 0.1599 0.894315 0.10216 0.859521 0.104326 -0.00705564 0.51 6.71915e-15 0
2.72374 -1.31442 1.859 -1.271 1.31442 0.104326 -0.0070556 0.321502 0.988739 0.236414 0.938805 0.160585 0.895239 0.102529 0.860309 0.0957273 -0.0307311 0.518 6.39057e-12 0
2.72374 -1.31442 1.859 -1.271 1.31442 0.104326 -0.0070556 0.321502 0.988739 0.236414 0.938805 0.160585 0.895239 0.102529 0.860309 0.0957275 -0.0307312 0.51 5.7477e-15 0
2.72896 -1.31484 1.859 -1.271 1.31484 0.0957273 -0.0307311 0.323103 0.990579 0.237527 0.940811 0.160993 0.89746 0.101989 0.862713 0.0782374 -0.0731533 0.515 2.02618e-11 0
2.72896 -1.31484 1.859 -1.271 1.31484 0.0957273 -0.0307311 0.323103 0.990579 0.237527 0.940811 0.160993 0.89746 0.101989 0.862713 0.0782377 -0.0731535 0.549 3.09102e-15 0
2.73374 -1.3163 1.859 -1.271 1.3163 0.0782374 -0.0731533 0.324927 0.992708 0.238762 0.943198 0.161382 0.900176 0.101187 0.865727 0.0748589 -0.0956813 0.538 6.59544e-11 0
2.73374 -1.3163 1.859 -1.271 1.3163 0.0782374 -0.0731533 0.324927 0.992708 0.238762 0.943198 0.161382 0.900176 0.101187 0.865727 0.0748594 -0.0956816 0.514 6.45147e-15 0
2.73374 -1.3163 1.859 -1.271 1.3163 0.0782374 -0.0731533 0.324927 0.992708 0.238762 0.943198 0.161382 0.900176 0.101187 0.865727 0.0748594 -0.0956816 0.518 6.6107e-15 0
2.73765 -1.31982 1.859 -1.271 1.31982 0.0748594 -0.0956816 0.326653 0.994612 0.24003 0.945247 0.162002 0.902418 0.100834 0.868125 0.0951023 -0.0776035 0.514 2.1238e-10 0
2.73765 -1.31982 1.859 -1.271 1.31982 0.0748594 -0.0956816 0.326653 0.994612 0.24003 0.945247 0.162002 0.902418 0.100834 0.868125 0.0951034 -0.0776041 0.518 5.50304e-15 0
2.7414 -1.32458 1.859 -1.271 1.32458 0.0951023 -0.0776035 0.328131 0.996056 0.241286 0.946613 0.162953 0.903708 0.10126 0.869286 0.127444 -0.0360998 0.489 7.61099e-10 0
2.7414 -1.32458 1.859 -1.271 1.32458 0.0951023 -0.0776035 0.328131 0.996056 0.241286 0.946613 0.162953 0.903708 0.10126 0.869286 0.127447 -0.036101 0.512 9.57294e-15 0
2.74615 -1.32861 1.859 -1.271 1.32861 0.127444 -0.0360998 0.329575 0.997357 0.242607 0.947722 0.164115 0.904605 0.102094 0.86991 0.150299 -0.0146519 0.511 3.43849e-09 0
2.74615 -1.32861 1.859 -1.271 1.32861 0.127444 -0.0360998 0.329575 0.997357 0.242607 0.947722 0.164115 0.904605 0.102094 0.86991 0.150305 -0.0146545 0.49 7.24987e-15 0
2.74615 -1.32861 1.859 -1.271 1.32861 0.127444 -0.0360998 0.329575 0.997357 0.242607 0.947722 0.164115 0.904605 0.102094 0.86991 0.150305 -0.0146545 0.498 8.25388e-15 0
2.75253 -1.33065 1.859 -1.271 1.33065 0.150299 -0.0146518 0.331368 0.999088 0.24413 0.949381 0.165272 0.906199 0.102548 0.871378 0.161054 -0.028754 0.5 2.15679e-08 0
2.75253 -1.33065 1.859 -1.271 1.33065 0.150299 -0.0146518 0.331368 0.999088 0.24413 0.949381 0.165272 0.906199 0.102548 0.871378 0.161074 -0.0287621 0.504 1.31591e-14 0
2.76004 -1.33152 1.859 -1.271 1.33152 0.161054 -0.028754 0.333718 1.00156 0.245945 0.952042 0.166339 0.909109 0.102156 0.874488 0.168663 -0.0708573 0.517 1.50777e-07 0
2.76004 -1.33152 1.859 -1.271 1.33152 0.161054 -0.028754 0.333718 1.00156 0.245945 0.952042 0.166339 0.909109 0.102156 0.874488 0.168733 -0.0708818 0.525 3.85499e-13 0
2.76809 -1.33299 1.859 -1.271 1.33299 0.168663 -0.0708573 0.336488 1.00455 0.248053 0.955381 0.167501 0.912894 0.101269 0.878674 0.19264 -0.100202 0.518 7.75874e-07 0
2.76809 -1.33299 1.859 -1.271 1.33299 0.168663 -0.0708573 0.336488 1.00455 0.248053 0.955381 0.167501 0.912894 0.101269 0.878674 0.192839 -0.100258 0.505 9.60404e-12 0
2.76809 -1.33299 1.859 -1.271 1.33299 0.168663 -0.0708573 0.336488 1.00455 0.248053 0.955381 0.167501 0.912894 0.101269 0.878674 0.19284 -0.100259 0.523 5.09054e-15 0
2.77653 -1.33653 1.859 -1.271 1.33653 0.19264 -0.100202 0.339495 1.00772 0.250448 0.958879 0.168907 0.916816 0.100623 0.882964 0.236928 -0.0815459 0.497 1.07627e-06 0
2.77653 -1.33653 1.859 -1.271 1.33653 0.19264 -0.100202 0.339495 1.00772 0.250448 0.958879 0.168907 0.916816 0.100623 0.882964 0.237162 -0.0815935 0.521 1.05427e-11 0
2.78616 -1.34164 1.859 -1.271 1.34164 0.236928 -0.0815459 0.342708 1.01093 0.253186 0.962262 0.170677 0.920442 0.100841 0.886755 0.281356 -0.0160426 0.492 1.79323e-07 0
2.78616 -1.34164 1.859 -1.271 1.34164 0.236928 -0.0815459 0.342708 1.01093 0.253186 0.962262 0.170677 0.920442 0.100841 0.886755 0.281427 -0.0160501 0.493 1.17149e-13 0
2.79801 -1.34598 1.859 -1.271 1.34598 0.281356 -0.0160426 0.346417 1.01452 0.256469 0.96595 0.172984 0.924301 0.101711 0.890688 0.305569 0.0588453 0.496 5.91931e-09 0
2.79801 -1.34598 1.859 -1.271 1.34598 0.281356 -0.0160426 0.346417 1.01452 0.256469 0.96595 0.172984 0.924301 0.101711 0.890688 0.305577 0.0588455 0.478 2.26645e-15 0
2.79801 -1.34598 1.859 -1.271 1.34598 0.281356 -0.0160426 0.346417 1.01452 0.256469 0.96595 0.172984 0.924301 0.101711 0.890688 0.305577 0.0588455 0.479 3.42752e-15 0
2.81207 -1.34708 1.859 -1.271 1.34708 0.305569 0.0588453 0.350975 1.01898 0.260395 0.970707 0.17577 0.929462 0.102361 0.896142 0.309762 0.106971 0.494 6.09038e-11 0
2.81207 -1.34708 1.859 -1.271 1.34708 0.305569 0.0588453 0.350975 1.01898 0.260395 0.970707 0.17577 0.929462 0.102361 0.896142 0.309762 0.106971 0.479 3.67353e-15 0
2.82735 -1.34433 1.859 -1.271 1.34433 0.309762 0.106971 0.35641 1.02443 0.26483 0.976855 0.17867 0.936498 0.102514 0.903911 0.305845 0.132288 0.477 2.43865e-13 0
2.82735 -1.34433 1.859 -1.271 1.34433 0.309762 0.106971 0.35641 1.02443 0.26483 0.976855 0.17867 0.936498 0.102514 0.903911 0.305845 0.132288 0.48 5.63752e-15 0
2.84284 -1.33904 1.859 -1.271 1.33904 0.305845 0.132288 0.362434 1.0305 0.269716 0.984021 0.181423 0.945029 0.102128 0.913614 0.289807 0.169656 0.478 4.41175e-15 0
2.84284 -1.33904 1.859 -1.271 1.33904 0.305845 0.132288 0.362434 1.0305 0.269716 0.984021 0.181423 0.945029 0.102128 0.913614 0.289807 0.169656 0.441 4.81494e-15 0
2.84284 -1.33904 1.859 -1.271 1.33904 0.305845 0.132288 0.362434 1.0305 0.269716 0.984021 0.181423 0.945029 0.102128 0.913614 0.289807 0.169656 0.443 2.91105e-15 0
2.85813 -1.33243 1.859 -1.271 1.33243 0.289807 0.169656 0.368709 1.03673 0.274909 0.991586 0.184432 0.954234 0.101645 0.92425 0.241263 0.231908 0.442 7.61829e-16 0
2.85813 -1.33243 1.859 -1.271 1.33243 0.289807 0.169656 0.368709 1.03673 0.274909 0.991586 0.184432 0.954234 0.101645 0.92425 0.241263 0.231908 0.436 1.36059e-15 0
2.87262 -1.32389 1.859 -1.271 1.32389 0.241263 0.231908 0.375048 1.04289 0.280193 0.999208 0.187652 0.963621 0.101655 0.935188 0.17581 0.280856 0.454 1.63985e-16 0
2.87262 -1.32389 1.859 -1.271 1.32389 0.241263 0.231908 0.375048 1.04289 0.280193 0.999208 0.187652 0.963621 0.101655 0.935188 0.17581 0.280856 0.677 7.58804e-16 0
2.88469 -1.31211 1.859 -1.271 1.31211 0.17581 0.280856 0.38092 1.04865 0.285245 1.00672 0.190929 0.973039 0.102537 0.946295 0.154778 0.286977 0.33 6.83928e-33 0
2.88469 -1.31211 1.859 -1.271 1.31211 0.17581 0.280856 0.38092 1.04865 0.285245 1.00672 0.190929 0.973039 0.102537 0.946295 0.154778 0.286977 0.301 6.83928e-33 0
2.88469 -1.31211 1.859 -1.271 1.31211 0.17581 0.280856 0.38092 1.04865 0.285245 1.00672 0.190929 0.973039 0.102537 0.946295 0.154778 0.286977 0.316 6.83928e-33 0
2.89348 -1.29777 1.859 -1.271 1.29777 0.154778 0.286977 0.385885 1.05361 0.289428 1.01362 0.193949 0.981999 0.103019 0.957142 0.149449 0.283842 0.301 9.19104e-34 0
2.89348 -1.29777 1.859 -1.271 1.29777 0.154778 0.286977 0.385885 1.05361 0.289428 1.01362 0.193949 0.981999 0.103019 0.957142 0.149449 0.283842 0.305 9.19104e-34 0
2.90122 -1.28334 1.859 -1.271 1.28334 0.149449 0.283842 0.389545 1.05747 0.292169 1.01948 0.196107 0.989741 0.102586 0.967029 0.144757 0.280685 0.303 1.76266e-30 0
2.90122 -1.28334 1.859 -1.271 1.28334 0.149449 0.283842 0.389545 1.05747 0.292169 1.01948 0.196107 0.989741 0.102586 0.967029 0.144757 0.280685 0.306 1.76266e-30 0
2.90869 -1.26912 1.859 -1.271 1.26912 0.144757 0.280685 0.39282 1.06093 0.294685 1.0249 0.197858 0.996992 0.102326 0.976364 0.140226 0.277576 0.311 2.49792e-33 0
2.90869 -1.26912 1.859 -1.271 1.26912 0.144757 0.280685 0.39282 1.06093 0.294685 1.0249 0.197858 0.996992 0.102326 0.976364 0.140226 0.277576 0.298 2.49792e-33 0
2.90869 -1.26912 1.859 -1.271 1.26912 0.144757 0.280685 0.39282 1.06093 0.294685 1.0249 0.197858 0.996992 0.102326 0.976364 0.140226 0.277576 0.314 2.49792e-33 0
2.91593 -1.25506 1.859 -1.271 1.25506 0.140226 0.277576 0.396079 1.06431 0.297336 1.0302 0.199728 1.0041 0.103237 0.985509 0.135839 0.274501 0.3 1.54835e-33 0
2.91593 -1.25506 1.859 -1.271 1.25506 0.140226 0.277576 0.396079 1.06431 0.297336 1.0302 0.199728 1.0041 0.103237 0.985509 0.135839 0.274501 0.304 1.54835e-33 0
2.92294 -1.24117 1.859 -1.271 1.24117 0.135839 0.274501 0.399326 1.06761 0.300114 1.03534 0.201682 1.01108 0.104397 0.994495 0.131588 0.271462 0.301 1.18879e-31 0
2.92294 -1.24117 1.859 -1.271 1.24117 0.135839 0.274501 0.399326 1.06761 0.300114 1.03534 0.201682 1.01108 0.104397 0.994495 0.131588 0.271462 0.305 1.18879e-31 0
2.92973 -1.22742 1.859 -1.271 1.22742 0.131588 0.271462 0.402499 1.07084 0.303002 1.04025 0.203891 1.01794 0.105973 1.00332 0.12747 0.268456 0.312 1.77902e-33 0
2.92973 -1.22742 1.859 -1.271 1.22742 0.131588 0.271462 0.402499 1.07084 0.303002 1.04025 0.203891 1.01794 0.105973 1.00332 0.12747 0.268456 0.301 1.77902e-33 0
2.92973 -1.22742 1.859 -1.271 1.22742 0.131588 0.271462 0.402499 1.07084 0.303002 1.04025 0.203891 1.01794 0.105973 1.00332 0.12747 0.268456 0.305 1.77902e-33 0
2.93631 -1.21384 1.859 -1.271 1.21384 0.12747 0.268456 0.405457 1.07399 0.305888 1.04507 0.2064 1.02467 0.107657 1.01184 0.123482 0.265484 0.312 1.43469e-33 0
2.93631 -1.21384 1.859 -1.271 1.21384 0.12747 0.268456 0.405457 1.07399 0.305888 1.04507 0.2064 1.02467 0.107657 1.01184 0.123482 0.265484 0.305 1.43469e-33 0
2.94269 -1.2004 1.859 -1.271 1.2004 0.123482 0.265484 0.408386 1.07707 0.308643 1.0498 0.209087 1.03128 0.109683 1.02016 0.119617 0.262546 0.306 1.67793e-33 0
2.94269 -1.2004 1.859 -1.271 1.2004 0.123482 0.265484 0.408386 1.07707 0.308643 1.0498 0.209087 1.03128 0.109683 1.02016 0.119617 0.262546 0.404 1.67793e-33 0
2.94269 -1.2004 1.859 -1.271 1.2004 0.123482 0.265484 0.408386 1.07707 0.308643 1.0498 0.209087 1.03128 0.109683 1.02016 0.119617 0.262546 0.304 1.67793e-33 0
2.94886 -1.18712 1.859 -1.271 1.18712 0.119617 0.262546 0.411294 1.08007 0.311468 1.05443 0.211807 1.03776 0.11229 1.02833 0.115874 0.259641 0.301 6.96821e-33 0
2.94886 -1.18712 1.859 -1.271 1.18712 0.119617 0.262546 0.411294 1.08007 0.311468 1.05443 0.211807 1.03776 0.11229 1.02833 0.115874 0.259641 0.316 6.96821e-33 0
2.95484 -1.17399 1.859 -1.271 1.17399 0.115874 0.259641 0.41418 1.08289 0.31437 1.05897 0.214733 1.04412 0.115222 1.03634 0.112248 0.256769 0.313 1.84872e-31 0
2.95484 -1.17399 1.859 -1.271 1.17399 0.115874 0.259641 0.41418 1.08289 0.31437 1.05897 0.214733 1.04412 0.115222 1.03634 0.112248 0.256769 0.308 1.81789e-31 0
2.96063 -1.161 1.859 -1.271 1.161 0.112248 0.256769 0.41704 1.08558 0.317336 1.06343 0.217804 1.05027 0.118476 1.0442 0.108736 0.253929 0.304 1.24503e-33 0
2.96063 -1.161 1.859 -1.271 1.161 0.112248 0.256769 0.41704 1.08558 0.317336 1.06343 0.217804 1.05027 0.118476 1.0442 0.108736 0.253929 0.303 1.24503e-33 0
2.96063 -1.161 1.859 -1.271 1.161 0.112248 0.256769 0.41704 1.08558 0.317336 1.06343 0.217804 1.05027 0.118476 1.0442 0.108736 0.253929 0.305 1.24503e-33 0
2.96625 -1.14817 1.859 -1.271 1.14817 0.108736 0.253929 0.419873 1.08821 0.320324 1.06779 0.220857 1.05622 0.121998 1.05192 0.105333 0.251121 0.303 2.12551e-33 0
2.96625 -1.14817 1.859 -1.271 1.14817 0.108736 0.253929 0.419873 1.08821 0.320324 1.06779 0.220857 1.05622 0.121998 1.05192 0.105333 0.251121 0.306 2.12551e-33 0
2.97168 -1.13547 1.859 -1.271 1.13547 0.105333 0.251121 0.42266 1.09078 0.323168 1.07208 0.224047 1.06206 0.125563 1.05949 0.102037 0.248345 0.302 1.21643e-33 0
2.97168 -1.13547 1.859 -1.271 1.13547 0.105333 0.251121 0.42266 1.09078 0.323168 1.07208 0.224047 1.06206 0.125563 1.05949 0.102037 0.248345 0.298 1.21643e-33 0
2.97695 -1.12292 1.859 -1.271 1.12292 0.102037 0.248345 0.425256 1.09329 0.325994 1.07628 0.22734 1.06779 0.129162 1.06692 0.0988437 0.2456 0.305 2.29417e-33 0
2.97695 -1.12292 1.859 -1.271 1.12292 0.102037 0.248345 0.425256 1.09329 0.325994 1.07628 0.22734 1.06779 0.129162 1.06692 0.0988437 0.2456 0.302 2.29417e-33 0
2.97695 -1.12292 1.859 -1.271 1.12292 0.102037 0.248345 0.425256 1.09329 0.325994 1.07628 0.22734 1.06779 0.129162 1.06692 0.0988437 0.2456 0.304 2.29417e-33 0
2.98205 -1.11051 1.859 -1.271 1.11051 0.0988437 0.2456 0.427782 1.09575 0.328861 1.08039 0.230645 1.07341 0.133102 1.0742 0.095751 0.242885 0.301 4.62494e-32 0
2.98205 -1.11051 1.859 -1.271 1.11051 0.0988437 0.2456 0.427782 1.09575 0.328861 1.08039 0.230645 1.07341 0.133102 1.0742 0.095751 0.242885 0.309 4.32061e-32 0
2.987 -1.09824 1.859 -1.271 1.09824 0.095751 0.242885 0.430276 1.09814 0.331757 1.08441 0.233952 1.07893 0.137241 1.08135 0.0927542 0.240202 0.294 5.72408e-33 0
2.987 -1.09824 1.859 -1.271 1.09824 0.095751 0.242885 0.430276 1.09814 0.331757 1.08441 0.233952 1.07893 0.137241 1.08135 0.0927542 0.240202 0.298 1.85681e-32 0
2.987 -1.09824 1.859 -1.271 1.09824 0.095751 0.242885 0.430276 1.09814 0.331757 1.08441 0.233952 1.07893 0.137241 1.08135 0.0927542 0.240202 0.29 2.92274e-32 0
2.99179 -1.08611 1.859 -1.271 1.08611 0.0927542 0.240202 0.432731 1.10049 0.334669 1.08822 0.237268 1.08434 0.141347 1.08836 0.0898513 0.237548 0.286 1.4965e-33 0
2.99179 -1.08611 1.859 -1.271 1.08611 0.0927542 0.240202 0.432731 1.10049 0.334669 1.08822 0.237268 1.08434 0.141347 1.08836 0.0898513 0.237548 0.297 1.4965e-33 0
2.99642 -1.07411 1.859 -1.271 1.07411 0.0898513 0.237548 0.435156 1.10278 0.337586 1.09194 0.240676 1.08965 0.145729 1.09524 0.0870395 0.234924 0.294 1.97239e-33 0
2.99642 -1.07411 1.859 -1.271 1.07411 0.0898513 0.237548 0.435156 1.10278 0.337586 1.09194 0.240676 1.08965 0.145729 1.09524 0.0870395 0.234924 0.289 1.97239e-33 0
3.00092 -1.06225 1.859 -1.271 1.06225 0.0870395 0.234924 0.437551 1.10502 0.340479 1.0956 0.244141 1.09486 0.150358 1.1019 0.0843159 0.23233 0.293 1.69223e-33 0
3.00092 -1.06225 1.859 -1.271 1.06225 0.0870395 0.234924 0.437551 1.10502 0.340479 1.0956 0.244141 1.09486 0.150358 1.1019 0.0843159 0.23233 0.282 1.69223e-33 0
3.00092 -1.06225 1.859 -1.271 1.06225 0.0870395 0.234924 0.437551 1.10502 0.340479 1.0956 0.244141 1.09486 0.150358 1.1019 0.0843159 0.23233 0.296 1.69223e-33 0
3.00527 -1.05052 1.859 -1.271 1.05052 0.0843159 0.23233 0.439915 1.10721 0.343346 1.09918 0.247445 1.09997 0.155154 1.10838 0.0816776 0.229764 0.293 1.92699e-34 0
3.00527 -1.05052 1.859 -1.271 1.05052 0.0843159 0.23233 0.439915 1.10721 0.343346 1.09918 0.247445 1.09997 0.155154 1.10838 0.0816776 0.229764 0.295 1.92699e-34 0
3.00948 -1.03892 1.859 -1.271 1.03892 0.0816776 0.229764 0.442246 1.10935 0.346186 1.10269 0.250788 1.10498 0.159934 1.11473 0.0791219 0.227227 0.285 4.52864e-34 0
3.00948 -1.03892 1.859 -1.271 1.03892 0.0816776 0.229764 0.442246 1.10935 0.346186 1.10269 0.250788 1.10498 0.159934 1.11473 0.0791219 0.227227 0.293 4.52864e-34 0
3.00948 -1.03892 1.859 -1.271 1.03892 0.0816776 0.229764 0.442246 1.10935 0.346186 1.10269 0.250788 1.10498 0.159934 1.11473 0.0791219 0.227227 0.29 4.52864e-34 0
3.01357 -1.02745 1.859 -1.271 1.02745 0.0791219 0.227227 0.444546 1.11137 0.348895 1.10613 0.254215 1.1099 0.164553 1.12096 0.0766461 0.224718 0.293 3.17941e-34 0
3.01357 -1.02745 1.859 -1.271 1.02745 0.0791219 0.227227 0.444546 1.11137 0.348895 1.10613 0.254215 1.1099 0.164553 1.12096 0.0766461 0.224718 0.445 3.17941e-34 0
3.01357 -1.02745 1.859 -1.271 1.02745 0.0791219 0.227227 0.444546 1.11137 0.348895 1.10613 0.254215 1.1099 0.164553 1.12096 0.0766461 0.224718 0.313 3.17941e-34 0
3.01752 -1.0161 1.859 -1.271 1.0161 0.0766461 0.224718 0.44681 1.11327 0.351531 1.10951 0.257712 1.11472 0.169153 1.12707 0.0742477 0.222237 0.303 3.02551e-33 0
3.01752 -1.0161 1.859 -1.271 1.0161 0.0766461 0.224718 0.44681 1.11327 0.351531 1.10951 0.257712 1.11472 0.169153 1.12707 0.0742477 0.222237 0.348 3.02551e-33 0
3.02136 -1.00489 1.859 -1.271 1.00489 0.0742477 0.222237 0.448936 1.11512 0.354142 1.11282 0.261271 1.11937 0.173731 1.13306 0.0719243 0.219784 0.303 3.86671e-34 0
3.02136 -1.00489 1.859 -1.271 1.00489 0.0742477 0.222237 0.448936 1.11512 0.354142 1.11282 0.261271 1.11937 0.173731 1.13306 0.0719243 0.219784 0.311 3.86671e-34 0
3.02136 -1.00489 1.859 -1.271 1.00489 0.0742477 0.222237 0.448936 1.11512 0.354142 1.11282 0.261271 1.11937 0.173731 1.13306 0.0719243 0.219784 0.305 3.86671e-34 0
3.02507 -0.993798 1.859 -1.271 0.993798 0.0719243 0.219784 0.450951 1.11693 0.356727 1.11607 0.26488 1.12388 0.178321 1.13894 0.0696736 0.217358 0.31 1.12947e-34 0
3.02507 -0.993798 1.859 -1.271 0.993798 0.0719243 0.219784 0.450951 1.11693 0.356727 1.11607 0.26488 1.12388 0.178321 1.13894 0.0696736 0.217358 0.3 1.12947e-34 0
3.02507 -0.993798 1.859 -1.271 0.993798 0.0719243 0.219784 0.450951 1.11693 0.356727 1.11607 0.26488 1.12388 0.178321 1.13894 0.0696736 0.217358 0.314 1.12947e-34 0
3.02867 -0.982831 1.859 -1.271 0.982831 0.0696736 0.217358 0.452937 1.11871 0.359292 1.11925 0.268504 1.1283 0.183025 1.14471 0.0674927 0.21496 0.303 2.978e-33 0
3.02867 -0.982831 1.859 -1.271 0.982831 0.0696736 0.217358 0.452937 1.11871 0.359292 1.11925 0.268504 1.1283 0.183025 1.14471 0.0674927 0.21496 0.302 2.978e-33 0
3.02867 -0.982831 1.859 -1.271 0.982831 0.0696736 0.217358 0.452937 1.11871 0.359292 1.11925 0.268504 1.1283 0.183025 1.14471 0.0674927 0.21496 0.314 2.978e-33 0
3.03215 -0.971985 1.859 -1.271 0.971985 0.0674927 0.21496 0.454895 1.12044 0.361856 1.12238 0.271971 1.13263 0.187828 1.15036 0.0653805 0.212588 0.311 1.12289e-32 0
3.03215 -0.971985 1.859 -1.271 0.971985 0.0674927 0.21496 0.454895 1.12044 0.361856 1.12238 0.271971 1.13263 0.187828 1.15036 0.0653805 0.212588 0.303 5.44479e-31 0
3.03215 -0.971985 1.859 -1.271 0.971985 0.0674927 0.21496 0.454895 1.12044 0.361856 1.12238 0.271971 1.13263 0.187828 1.15036 0.0653805 0.212588 0.314 4.26298e-31 0
3.03553 -0.961259 1.859 -1.271 0.961259 0.0653805 0.212588 0.456823 1.12214 0.364418 1.12544 0.275405 1.13689 0.192709 1.15591 0.0633346 0.210242 0.3 1.22692e-33 0
3.03553 -0.961259 1.859 -1.271 0.961259 0.0653805 0.212588 0.456823 1.12214 0.364418 1.12544 0.275405 1.13689 0.192709 1.15591 0.0633346 0.210242 0.305 1.22692e-33 0
3.0388 -0.950652 1.859 -1.271 0.950652 0.0633346 0.210242 0.45872 1.1238 0.366976 1.12845 0.278865 1.14106 0.197529 1.16135 0.0613529 0.207922 0.302 3.05507e-33 0
3.0388 -0.950652 1.859 -1.271 0.950652 0.0633346 0.210242 0.45872 1.1238 0.366976 1.12845 0.278865 1.14106 0.197529 1.16135 0.0613529 0.207922 0.299 3.05507e-33 0
3.0388 -0.950652 1.859 -1.271 0.950652 0.0633346 0.210242 0.45872 1.1238 0.366976 1.12845 0.278865 1.14106 0.197529 1.16135 0.0613529 0.207922 0.305 3.05507e-33 0
3.04196 -0.940163 1.859 -1.271 0.940163 0.0613529 0.207922 0.460587 1.12542 0.369526 1.13138 0.282345 1.14516 0.202201 1.16669 0.0594327 0.205628 0.313 4.60662e-31 0
3.04196 -0.940163 1.859 -1.271 0.940163 0.0613529 0.207922 0.460587 1.12542 0.369526 1.13138 0.282345 1.14516 0.202201 1.16669 0.0594327 0.205628 0.312 4.60662e-31 0
3.04196 -0.940163 1.859 -1.271 0.940163 0.0613529 0.207922 0.460587 1.12542 0.369526 1.13138 0.282345 1.14516 0.202201 1.16669 0.0594327 0.205628 0.308 4.60662e-31 0
3.04503 -0.92979 1.859 -1.271 0.92979 0.0594327 0.205628 0.462423 1.12701 0.372068 1.13415 0.285838 1.14918 0.206898 1.17192 0.0575727 0.203359 0.304 2.84071e-34 0
3.04503 -0.92979 1.859 -1.271 0.92979 0.0594327 0.205628 0.462423 1.12701 0.372068 1.13415 0.285838 1.14918 0.206898 1.17192 0.0575727 0.203359 0.306 2.84071e-34 0
3.04503 -0.92979 1.859 -1.271 0.92979 0.0594327 0.205628 0.462423 1.12701 0.372068 1.13415 0.285838 1.14918 0.206898 1.17192 0.0575727 0.203359 0.309 2.84071e-34 0
3.048 -0.91953 1.859 -1.271 0.91953 0.0575727 0.203359 0.464229 1.12856 0.374585 1.13686 0.289338 1.15312 0.211625 1.17706 0.0557712 0.201115 0.305 1.40895e-33 0
3.048 -0.91953 1.859 -1.271 0.91953 0.0575727 0.203359 0.464229 1.12856 0.374585 1.13686 0.289338 1.15312 0.211625 1.17706 0.0557712 0.201115 0.304 1.40895e-33 0
3.048 -0.91953 1.859 -1.271 0.91953 0.0575727 0.203359 0.464229 1.12856 0.374585 1.13686 0.289338 1.15312 0.211625 1.17706 0.0557712 0.201115 0.309 1.40895e-33 0
3.05088 -0.909384 1.859 -1.271 0.909384 0.0557712 0.201115 0.466004 1.13008 0.376965 1.13952 0.29284 1.15698 0.216372 1.1821 0.0540262 0.198896 0.301 9.61781e-35 0
3.05088 -0.909384 1.859 -1.271 0.909384 0.0557712 0.201115 0.466004 1.13008 0.376965 1.13952 0.29284 1.15698 0.216372 1.1821 0.0540262 0.198896 0.3 9.61781e-35 0
3.05088 -0.909384 1.859 -1.271 0.909384 0.0557712 0.201115 0.466004 1.13008 0.376965 1.13952 0.29284 1.15698 0.216372 1.1821 0.0540262 0.198896 0.308 9.61781e-35 0
3.05367 -0.899351 1.859 -1.271 0.899351 0.0540262 0.198896 0.467751 1.13157 0.379272 1.14213 0.296323 1.16078 0.221129 1.18704 0.0523353 0.196702 0.302 3.3235e-33 0
3.05367 -0.899351 1.859 -1.271 0.899351 0.0540262 0.198896 0.467751 1.13157 0.379272 1.14213 0.296323 1.16078 0.221129 1.18704 0.0523353 0.196702 0.298 3.3235e-33 0
3.05367 -0.899351 1.859 -1.271 0.899351 0.0540262 0.198896 0.467751 1.13157 0.379272 1.14213 0.296323 1.16078 0.221129 1.18704 0.0523353 0.196702 0.304 3.3235e-33 0
3.05637 -0.889427 1.859 -1.271 0.889427 0.0523353 0.196702 0.469469 1.13303 0.381566 1.14469 0.299769 1.1645 0.225887 1.19181 0.0506977 0.194531 0.299 4.54933e-33 0
3.05637 -0.889427 1.859 -1.271 0.889427 0.0523353 0.196702 0.469469 1.13303 0.381566 1.14469 0.299769 1.1645 0.225887 1.19181 0.0506977 0.194531 0.299 4.54933e-33 0
3.05637 -0.889427 1.859 -1.271 0.889427 0.0523353 0.196702 0.469469 1.13303 0.381566 1.14469 0.299769 1.1645 0.225887 1.19181 0.0506977 0.194531 0.303 4.54933e-33 0
3.05899 -0.879613 1.859 -1.271 0.879613 0.0506977 0.194531 0.471131 1.13441 0.383846 1.1472 0.303112 1.16815 0.230639 1.19646 0.0491109 0.192385 0.3 1.95716e-33 0
3.05899 -0.879613 1.859 -1.271 0.879613 0.0506977 0.194531 0.471131 1.13441 0.383846 1.1472 0.303112 1.16815 0.230639 1.19646 0.0491109 0.192385 0.3 1.95716e-33 0
3.05899 -0.879613 1.859 -1.271 0.879613 0.0506977 0.194531 0.471131 1.13441 0.383846 1.1472 0.303112 1.16815 0.230639 1.19646 0.0491109 0.192385 0.321 1.95716e-33 0
3.06152 -0.869907 1.859 -1.271 0.869907 0.0491109 0.192385 0.472665 1.13569 0.386114 1.14966 0.306362 1.17174 0.235288 1.20102 0.0475742 0.190262 0.301 9.34533e-34 0
3.06152 -0.869907 1.859 -1.271 0.869907 0.0491109 0.192385 0.472665 1.13569 0.386114 1.14966 0.306362 1.17174 0.235288 1.20102 0.0475742 0.190262 0.302 9.34533e-34 0
3.06152 -0.869907 1.859 -1.271 0.869907 0.0491109 0.192385 0.472665 1.13569 0.386114 1.14966 0.306362 1.17174 0.235288 1.20102 0.0475742 0.190262 0.304 9.34533e-34 0
3.06398 -0.860307 1.859 -1.271 0.860307 0.0475742 0.190262 0.474152 1.13694 0.388367 1.15208 0.309579 1.17526 0.239789 1.2055 0.0460852 0.188162 0.294 6.05793e-34 0
3.06398 -0.860307 1.859 -1.271 0.860307 0.0475742 0.190262 0.474152 1.13694 0.388367 1.15208 0.309579 1.17526 0.239789 1.2055 0.0460852 0.188162 0.301 6.05793e-34 0
3.06398 -0.860307 1.859 -1.271 0.860307 0.0475742 0.190262 0.474152 1.13694 0.388367 1.15208 0.309579 1.17526 0.239789 1.2055 0.0460852 0.188162 0.38 6.05793e-34 0
3.06636 -0.850812 1.859 -1.271 0.850812 0.0460852 0.188162 0.475615 1.13817 0.390604 1.15445 0.312761 1.17871 0.244255 1.20989 0.0446431 0.186085 0.3 5.60604e-34 0
3.06636 -0.850812 1.859 -1.271 0.850812 0.0460852 0.188162 0.475615 1.13817 0.390604 1.15445 0.312761 1.17871 0.244255 1.20989 0.0446431 0.186085 0.299 5.60604e-34 0
3.06636 -0.850812 1.859 -1.271 0.850812 0.0460852 0.188162 0.475615 1.13817 0.390604 1.15445 0.312761 1.17871 0.244255 1.20989 0.0446431 0.186085 0.319 5.60604e-34 0
3.06866 -0.841421 1.859 -1.271 0.841421 0.0446431 0.186085 0.477053 1.13937 0.392826 1.15678 0.315909 1.18209 0.248704 1.2142 0.0432466 0.184031 0.309 1.63835e-32 0
3.06866 -0.841421 1.859 -1.271 0.841421 0.0446431 0.186085 0.477053 1.13937 0.392826 1.15678 0.315909 1.18209 0.248704 1.2142 0.0432466 0.184031 0.299 5.57821e-33 0
3.06866 -0.841421 1.859 -1.271 0.841421 0.0446431 0.186085 0.477053 1.13937 0.392826 1.15678 0.315909 1.18209 0.248704 1.2142 0.0432466 0.184031 0.317 1.63835e-32 0
3.07089 -0.832132 1.859 -1.271 0.832132 0.0432466 0.184031 0.478467 1.14055 0.39503 1.15906 0.319022 1.18533 0.25311 1.21842 0.0418935 0.182 0.301 6.78188e-34 0
3.07089 -0.832132 1.859 -1.271 0.832132 0.0432466 0.184031 0.478467 1.14055 0.39503 1.15906 0.319022 1.18533 0.25311 1.21842 0.0418935 0.182 0.299 6.78188e-34 0
3.07089 -0.832132 1.859 -1.271 0.832132 0.0432466 0.184031 0.478467 1.14055 0.39503 1.15906 0.319022 1.18533 0.25311 1.21842 0.0418935 0.182 0.301 6.78188e-34 0
3.07089 -0.832132 1.859 -1.271 0.832132 0.0432466 0.184031 0.478467 1.14055 0.39503 1.15906 0.319022 1.18533 0.25311 1.21842 0.0418935 0.182 0.303 6.78188e-34 0
3.07306 -0.822946 1.859 -1.271 0.822946 0.0418935 0.182 0.479858 1.1417 0.397216 1.1613 0.322101 1.18849 0.257466 1.22257 0.0405827 0.179991 0.3 2.36089e-34 0
3.07306 -0.822946 1.859 -1.271 0.822946 0.0418935 0.182 0.479858 1.1417 0.397216 1.1613 0.322101 1.18849 0.257466 1.22257 0.0405827 0.179991 0.31 2.36089e-34 0
3.07306 -0.822946 1.859 -1.271 0.822946 0.0418935 0.182 0.479858 1.1417 0.397216 1.1613 0.322101 1.18849 0.257466 1.22257 0.0405827 0.179991 0.305 2.36089e-34 0
3.07515 -0.813859 1.859 -1.271 0.813859 0.0405827 0.179991 0.481223 1.14283 0.399384 1.16349 0.325147 1.19159 0.261772 1.22664 0.039313 0.178003 0.31 6.04726e-33 0
3.07515 -0.813859 1.859 -1.271 0.813859 0.0405827 0.179991 0.481223 1.14283 0.399384 1.16349 0.325147 1.19159 0.261772 1.22664 0.039313 0.178003 0.3 1.5934e-33 0
3.07515 -0.813859 1.859 -1.271 0.813859 0.0405827 0.179991 0.481223 1.14283 0.399384 1.16349 0.325147 1.19159 0.261772 1.22664 0.039313 0.178003 0.403 1.75307e-32 0
3.07718 -0.804873 1.859 -1.271 0.804873 0.039313 0.178003 0.482563 1.14393 0.401532 1.16565 0.328162 1.19464 0.266027 1.23062 0.0380825 0.176038 0.309 6.68705e-35 0
3.07718 -0.804873 1.859 -1.271 0.804873 0.039313 0.178003 0.482563 1.14393 0.401532 1.16565 0.328162 1.19464 0.266027 1.23062 0.0380825 0.176038 0.33 6.68705e-35 0
3.07718 -0.804873 1.859 -1.271 0.804873 0.039313 0.178003 0.482563 1.14393 0.401532 1.16565 0.328162 1.19464 0.266027 1.23062 0.0380825 0.176038 0.326 6.68705e-35 0
3.07915 -0.795984 1.859 -1.271 0.795984 0.0380825 0.176038 0.483878 1.14502 0.403601 1.16777 0.331161 1.19762 0.270233 1.23453 0.0368907 0.174094 0.319 1.57233e-32 0
3.07915 -0.795984 1.859 -1.271 0.795984 0.0380825 0.176038 0.483878 1.14502 0.403601 1.16777 0.331161 1.19762 0.270233 1.23453 0.0368907 0.174094 0.318 1.57233e-32 0
3.07915 -0.795984 1.859 -1.271 0.795984 0.0380825 0.176038 0.483878 1.14502 0.403601 1.16777 0.331161 1.19762 0.270233 1.23453 0.0368907 0.174094 0.319 1.57233e-32 0
3.07915 -0.795984 1.859 -1.271 0.795984 0.0380825 0.176038 0.483878 1.14502 0.403601 1.16777 0.331161 1.19762 0.270233 1.23453 0.0368907 0.174094 0.322 1.57233e-32 0
3.08105 -0.787192 1.859 -1.271 0.787192 0.0368907 0.174094 0.485168 1.14608 0.40557 1.16985 0.334142 1.20056 0.27439 1.23837 0.035736 0.172171 0.32 4.4699e-33 0
3.08105 -0.787192 1.859 -1.271 0.787192 0.0368907 0.174094 0.485168 1.14608 0.40557 1.16985 0.334142 1.20056 0.27439 1.23837 0.035736 0.172171 0.309 4.4699e-33 0
3.08105 -0.787192 1.859 -1.271 0.787192 0.0368907 0.174094 0.485168 1.14608 0.40557 1.16985 0.334142 1.20056 0.27439 1.23837 0.035736 0.172171 0.311 4.4699e-33 0
3.0829 -0.778495 1.859 -1.271 0.778495 0.035736 0.172171 0.486433 1.14712 0.407511 1.17189 0.337105 1.20344 0.278497 1.24213 0.0346179 0.170269 0.312 2.45256e-35 0
3.0829 -0.778495 1.859 -1.271 0.778495 0.035736 0.172171 0.486433 1.14712 0.407511 1.17189 0.337105 1.20344 0.278497 1.24213 0.0346179 0.170269 0.319 2.45256e-35 0
3.0829 -0.778495 1.859 -1.271 0.778495 0.035736 0.172171 0.486433 1.14712 0.407511 1.17189 0.337105 1.20344 0.278497 1.24213 0.0346179 0.170269 0.31 2.45256e-35 0
3.0829 -0.778495 1.859 -1.271 0.778495 0.035736 0.172171 0.486433 1.14712 0.407511 1.17189 0.337105 1.20344 0.278497 1.24213 0.0346179 0.170269 0.395 2.45256e-35 0
3.08468 -0.769893 1.859 -1.271 0.769893 0.0346179 0.170269 0.487675 1.14814 0.409434 1.17388 0.340047 1.20626 0.282557 1.24582 0.0335346 0.168387 0.31 1.45378e-35 0
3.08468 -0.769893 1.859 -1.271 0.769893 0.0346179 0.170269 0.487675 1.14814 0.409434 1.17388 0.340047 1.20626 0.282557 1.24582 0.0335346 0.168387 0.318 1.45378e-35 0
3.08468 -0.769893 1.859 -1.271 0.769893 0.0346179 0.170269 0.487675 1.14814 0.409434 1.17388 0.340047 1.20626 0.282557 1.24582 0.0335346 0.168387 0.311 1.45378e-35 0
3.08468 -0.769893 1.859 -1.271 0.769893 0.0346179 0.170269 0.487675 1.14814 0.409434 1.17388 0.340047 1.20626 0.282557 1.24582 0.0335346 0.168387 0.321 1.45378e-35 0
3.08641 -0.761383 1.859 -1.271 0.761383 0.0335346 0.168387 0.488894 1.14914 0.411339 1.17577 0.342968 1.20904 0.286582 1.24944 0.0324855 0.166526 0.327 7.15912e-34 0
3.08641 -0.761383 1.859 -1.271 0.761383 0.0335346 0.168387 0.488894 1.14914 0.411339 1.17577 0.342968 1.20904 0.286582 1.24944 0.0324855 0.166526 0.318 7.15912e-34 0
3.08641 -0.761383 1.859 -1.271 0.761383 0.0335346 0.168387 0.488894 1.14914 0.411339 1.17577 0.342968 1.20904 0.286582 1.24944 0.0324855 0.166526 0.321 7.15912e-34 0
3.08809 -0.752967 1.859 -1.271 0.752967 0.0324855 0.166526 0.49009 1.15012 0.413226 1.1776 0.345835 1.21176 0.290573 1.25298 0.0314689 0.164685 0.331 1.46149e-33 0
3.08809 -0.752967 1.859 -1.271 0.752967 0.0324855 0.166526 0.49009 1.15012 0.413226 1.1776 0.345835 1.21176 0.290573 1.25298 0.0314689 0.164685 0.324 1.46149e-33 0
3.08809 -0.752967 1.859 -1.271 0.752967 0.0324855 0.166526 0.49009 1.15012 0.413226 1.1776 0.345835 1.21176 0.290573 1.25298 0.0314689 0.164685 0.326 1.46149e-33 0
3.08809 -0.752967 1.859 -1.271 0.752967 0.0324855 0.166526 0.49009 1.15012 0.413226 1.1776 0.345835 1.21176 0.290573 1.25298 0.0314689 0.164685 0.314 1.46149e-33 0
3.08972 -0.744642 1.859 -1.271 0.744642 0.0314689 0.164685 0.491263 1.15108 0.415094 1.1794 0.348591 1.21443 0.294527 1.25646 0.0304837 0.162864 0.32 2.5305e-31 0
3.08972 -0.744642 1.859 -1.271 0.744642 0.0314689 0.164685 0.491263 1.15108 0.415094 1.1794 0.348591 1.21443 0.294527 1.25646 0.0304837 0.162864 0.31 2.536e-31 0
3.08972 -0.744642 1.859 -1.271 0.744642 0.0314689 0.164685 0.491263 1.15108 0.415094 1.1794 0.348591 1.21443 0.294527 1.25646 0.0304837 0.162864 0.311 2.5305e-31 0
3.08972 -0.744642 1.859 -1.271 0.744642 0.0314689 0.164685 0.491263 1.15108 0.415094 1.1794 0.348591 1.21443 0.294527 1.25646 0.0304837 0.162864 0.324 2.536e-31 0
3.09129 -0.736406 1.859 -1.271 0.736406 0.0304837 0.162864 0.492416 1.15202 0.416945 1.18117 0.35129 1.21706 0.298389 1.25988 0.0295299 0.161063 0.32 5.70194e-34 0
3.09129 -0.736406 1.859 -1.271 0.736406 0.0304837 0.162864 0.492416 1.15202 0.416945 1.18117 0.35129 1.21706 0.298389 1.25988 0.0295299 0.161063 0.328 5.70194e-34 0
3.09129 -0.736406 1.859 -1.271 0.736406 0.0304837 0.162864 0.492416 1.15202 0.416945 1.18117 0.35129 1.21706 0.298389 1.25988 0.0295299 0.161063 0.325 5.70194e-34 0
3.09281 -0.728259 1.859 -1.271 0.728259 0.0295299 0.161063 0.493547 1.15295 0.418776 1.18291 0.353968 1.21964 0.302139 1.26323 0.0286064 0.159281 0.314 2.56917e-35 0
3.09281 -0.728259 1.859 -1.271 0.728259 0.0295299 0.161063 0.493547 1.15295 0.418776 1.18291 0.353968 1.21964 0.302139 1.26323 0.0286064 0.159281 0.309 2.56917e-35 0
3.09281 -0.728259 1.859 -1.271 0.728259 0.0295299 0.161063 0.493547 1.15295 0.418776 1.18291 0.353968 1.21964 0.302139 1.26323 0.0286064 0.159281 0.302 2.56917e-35 0
3.09281 -0.728259 1.859 -1.271 0.728259 0.0295299 0.161063 0.493547 1.15295 0.418776 1.18291 0.353968 1.21964 0.302139 1.26323 0.0286064 0.159281 0.315 2.56917e-35 0
3.09429 -0.7202 1.859 -1.271 0.7202 0.0286064 0.159281 0.494577 1.15385 0.420587 1.18461 0.356624 1.22217 0.30583 1.26651 0.0277115 0.157519 0.31 5.14395e-33 0
3.09429 -0.7202 1.859 -1.271 0.7202 0.0286064 0.159281 0.494577 1.15385 0.420587 1.18461 0.356624 1.22217 0.30583 1.26651 0.0277115 0.157519 0.3 5.14395e-33 0
3.09429 -0.7202 1.859 -1.271 0.7202 0.0286064 0.159281 0.494577 1.15385 0.420587 1.18461 0.356624 1.22217 0.30583 1.26651 0.0277115 0.157519 0.309 5.14395e-33 0
3.09429 -0.7202 1.859 -1.271 0.7202 0.0286064 0.159281 0.494577 1.15385 0.420587 1.18461 0.356624 1.22217 0.30583 1.26651 0.0277115 0.157519 0.304 5.14395e-33 0
3.09572 -0.712229 1.859 -1.271 0.712229 0.0277115 0.157519 0.495573 1.15473 0.422379 1.18629 0.359257 1.22465 0.309487 1.26967 0.0268442 0.155775 0.312 6.00048e-34 0
3.09572 -0.712229 1.859 -1.271 0.712229 0.0277115 0.157519 0.495573 1.15473 0.422379 1.18629 0.359257 1.22465 0.309487 1.26967 0.0268442 0.155775 0.322 6.00048e-34 0
3.09572 -0.712229 1.859 -1.271 0.712229 0.0277115 0.157519 0.495573 1.15473 0.422379 1.18629 0.359257 1.22465 0.309487 1.26967 0.0268442 0.155775 0.325 6.00048e-34 0
3.0971 -0.704344 1.859 -1.271 0.704344 0.0268442 0.155775 0.49655 1.15552 0.424153 1.18793 0.361867 1.22709 0.313109 1.27276 0.0260042 0.154051 0.322 1.70288e-33 0
3.0971 -0.704344 1.859 -1.271 0.704344 0.0268442 0.155775 0.49655 1.15552 0.424153 1.18793 0.361867 1.22709 0.313109 1.27276 0.0260042 0.154051 0.311 1.70288e-33 0
3.0971 -0.704344 1.859 -1.271 0.704344 0.0268442 0.155775 0.49655 1.15552 0.424153 1.18793 0.361867 1.22709 0.313109 1.27276 0.0260042 0.154051 0.321 1.70288e-33 0
3.0971 -0.704344 1.859 -1.271 0.704344 0.0268442 0.155775 0.49655 1.15552 0.424153 1.18793 0.361867 1.22709 0.313109 1.27276 0.0260042 0.154051 0.315 1.70288e-33 0
3.09845 -0.696543 1.859 -1.271 0.696543 0.0260042 0.154051 0.49751 1.15629 0.425907 1.18955 0.364453 1.22949 0.316694 1.2758 0.0251903 0.152345 0.312 1.67027e-33 0
3.09845 -0.696543 1.859 -1.271 0.696543 0.0260042 0.154051 0.49751 1.15629 0.425907 1.18955 0.364453 1.22949 0.316694 1.2758 0.0251903 0.152345 0.31 1.67027e-33 0
3.09845 -0.696543 1.859 -1.271 0.696543 0.0260042 0.154051 0.49751 1.15629 0.425907 1.18955 0.364453 1.22949 0.316694 1.2758 0.0251903 0.152345 0.32 1.67027e-33 0
3.09845 -0.696543 1.859 -1.271 0.696543 0.0260042 0.154051 0.49751 1.15629 0.425907 1.18955 0.364453 1.22949 0.316694 1.2758 0.0251903 0.152345 0.315 1.67027e-33 0
3.09975 -0.688827 1.859 -1.271 0.688827 0.0251903 0.152345 0.498452 1.15704 0.427643 1.19113 0.367016 1.23185 0.320243 1.27878 0.0244018 0.150657 0.322 8.99112e-34 0
3.09975 -0.688827 1.859 -1.271 0.688827 0.0251903 0.152345 0.498452 1.15704 0.427643 1.19113 0.367016 1.23185 0.320243 1.27878 0.0244018 0.150657 0.31 8.99112e-34 0
3.09975 -0.688827 1.859 -1.271 0.688827 0.0251903 0.152345 0.498452 1.15704 0.427643 1.19113 0.367016 1.23185 0.320243 1.27878 0.0244018 0.150657 0.32 8.99112e-34 0
3.09975 -0.688827 1.859 -1.271 0.688827 0.0251903 0.152345 0.498452 1.15704 0.427643 1.19113 0.367016 1.23185 0.320243 1.27878 0.0244018 0.150657 0.316 8.99112e-34 0
3.10101 -0.681193 1.859 -1.271 0.681193 0.0244018 0.150657 0.499376 1.15778 0.429358 1.19269 0.369554 1.23416 0.323755 1.28171 0.0236384 0.148987 0.322 6.3504e-34 0
3.10101 -0.681193 1.859 -1.271 0.681193 0.0244018 0.150657 0.499376 1.15778 0.429358 1.19269 0.369554 1.23416 0.323755 1.28171 0.0236384 0.148987 0.313 6.3504e-34 0
3.10101 -0.681193 1.859 -1.271 0.681193 0.0244018 0.150657 0.499376 1.15778 0.429358 1.19269 0.369554 1.23416 0.323755 1.28171 0.0236384 0.148987 0.322 6.3504e-34 0
3.10101 -0.681193 1.859 -1.271 0.681193 0.0244018 0.150657 0.499376 1.15778 0.429358 1.19269 0.369554 1.23416 0.323755 1.28171 0.0236384 0.148987 0.324 6.3504e-34 0
3.10223 -0.673641 1.859 -1.271 0.673641 0.0236384 0.148987 0.500284 1.15851 0.431055 1.19422 0.372067 1.23643 0.327229 1.28459 0.0228988 0.147335 0.312 5.9457e-34 0
3.10223 -0.673641 1.859 -1.271 0.673641 0.0236384 0.148987 0.500284 1.15851 0.431055 1.19422 0.372067 1.23643 0.327229 1.28459 0.0228988 0.147335 0.311 5.9457e-34 0
3.10223 -0.673641 1.859 -1.271 0.673641 0.0236384 0.148987 0.500284 1.15851 0.431055 1.19422 0.372067 1.23643 0.327229 1.28459 0.0228988 0.147335 0.334 5.9457e-34 0
3.10223 -0.673641 1.859 -1.271 0.673641 0.0236384 0.148987 0.500284 1.15851 0.431055 1.19422 0.372067 1.23643 0.327229 1.28459 0.0228988 0.147335 0.314 5.9457e-34 0
3.10341 -0.666169 1.859 -1.271 0.666169 0.0228988 0.147335 0.501174 1.15922 0.432698 1.19572 0.374555 1.23866 0.330665 1.28742 0.0221826 0.145701 0.322 2.23577e-35 0
3.10341 -0.666169 1.859 -1.271 0.666169 0.0228988 0.147335 0.501174 1.15922 0.432698 1.19572 0.374555 1.23866 0.330665 1.28742 0.0221826 0.145701 0.322 2.23577e-35 0
3.10341 -0.666169 1.859 -1.271 0.666169 0.0228988 0.147335 0.501174 1.15922 0.432698 1.19572 0.374555 1.23866 0.330665 1.28742 0.0221826 0.145701 0.324 2.23577e-35 0
3.10341 -0.666169 1.859 -1.271 0.666169 0.0228988 0.147335 0.501174 1.15922 0.432698 1.19572 0.374555 1.23866 0.330665 1.28742 0.0221826 0.145701 0.329 2.23577e-35 0
3.10455 -0.658779 1.859 -1.271 0.658779 0.0221826 0.145701 0.502049 1.15991 0.434265 1.1972 0.377018 1.24086 0.334063 1.29019 0.0214881 0.144085 0.312 2.01394e-34 0
3.10455 -0.658779 1.859 -1.271 0.658779 0.0221826 0.145701 0.502049 1.15991 0.434265 1.1972 0.377018 1.24086 0.334063 1.29019 0.0214881 0.144085 0.311 2.01394e-34 0
3.10455 -0.658779 1.859 -1.271 0.658779 0.0221826 0.145701 0.502049 1.15991 0.434265 1.1972 0.377018 1.24086 0.334063 1.29019 0.0214881 0.144085 0.316 2.01394e-34 0
3.10566 -0.651468 1.859 -1.271 0.651468 0.0214881 0.144085 0.502908 1.1606 0.435793 1.19865 0.379456 1.24299 0.337423 1.29292 0.0208156 0.142486 0.312 1.54938e-32 0
3.10566 -0.651468 1.859 -1.271 0.651468 0.0214881 0.144085 0.502908 1.1606 0.435793 1.19865 0.379456 1.24299 0.337423 1.29292 0.0208156 0.142486 0.32 1.54938e-32 0
3.10566 -0.651468 1.859 -1.271 0.651468 0.0214881 0.144085 0.502908 1.1606 0.435793 1.19865 0.379456 1.24299 0.337423 1.29292 0.0208156 0.142486 0.312 1.54938e-32 0
3.10566 -0.651468 1.859 -1.271 0.651468 0.0214881 0.144085 0.502908 1.1606 0.435793 1.19865 0.379456 1.24299 0.337423 1.29292 0.0208156 0.142486 0.337 1.54938e-32 0
3.10674 -0.644235 1.859 -1.271 0.644235 0.0208156 0.142486 0.503751 1.16127 0.437304 1.20007 0.381869 1.24504 0.340745 1.2956 0.0201643 0.140904 0.324 4.67958e-34 0
3.10674 -0.644235 1.859 -1.271 0.644235 0.0208156 0.142486 0.503751 1.16127 0.437304 1.20007 0.381869 1.24504 0.340745 1.2956 0.0201643 0.140904 0.321 4.67958e-34 0
3.10674 -0.644235 1.859 -1.271 0.644235 0.0208156 0.142486 0.503751 1.16127 0.437304 1.20007 0.381869 1.24504 0.340745 1.2956 0.0201643 0.140904 0.311 4.67958e-34 0
3.10674 -0.644235 1.859 -1.271 0.644235 0.0208156 0.142486 0.503751 1.16127 0.437304 1.20007 0.381869 1.24504 0.340745 1.2956 0.0201643 0.140904 0.333 4.67958e-34 0
3.10778 -0.637079 1.859 -1.271 0.637079 0.0201643 0.140904 0.50458 1.16193 0.438797 1.20147 0.384256 1.24705 0.344028 1.29823 0.0195333 0.139339 0.313 2.94282e-35 0
3.10778 -0.637079 1.859 -1.271 0.637079 0.0201643 0.140904 0.50458 1.16193 0.438797 1.20147 0.384256 1.24705 0.344028 1.29823 0.0195333 0.139339 0.322 2.94282e-35 0
3.10778 -0.637079 1.859 -1.271 0.637079 0.0201643 0.140904 0.50458 1.16193 0.438797 1.20147 0.384256 1.24705 0.344028 1.29823 0.0195333 0.139339 0.311 2.94282e-35 0
3.10778 -0.637079 1.859 -1.271 0.637079 0.0201643 0.140904 0.50458 1.16193 0.438797 1.20147 0.384256 1.24705 0.344028 1.29823 0.0195333 0.139339 0.329 2.94282e-35 0
3.10879 -0.630001 1.859 -1.271 0.630001 0.0195333 0.139339 0.505393 1.16258 0.440274 1.20284 0.386608 1.24902 0.347274 1.30081 0.0189216 0.137791 0.304 1.8994e-34 0
3.10879 -0.630001 1.859 -1.271 0.630001 0.0195333 0.139339 0.505393 1.16258 0.440274 1.20284 0.386608 1.24902 0.347274 1.30081 0.0189216 0.137791 0.301 1.8994e-34 0
3.10879 -0.630001 1.859 -1.271 0.630001 0.0195333 0.139339 0.505393 1.16258 0.440274 1.20284 0.386608 1.24902 0.347274 1.30081 0.0189216 0.137791 0.302 1.8994e-34 0
3.10879 -0.630001 1.859 -1.271 0.630001 0.0195333 0.139339 0.505393 1.16258 0.440274 1.20284 0.386608 1.24902 0.347274 1.30081 0.0189216 0.137791 0.307 1.8994e-34 0
3.10976 -0.622997 1.859 -1.271 0.622997 0.0189216 0.137791 0.506193 1.16321 0.441735 1.2042 0.388887 1.25095 0.350481 1.30335 0.0183298 0.136259 0.304 4.7561e-34 0
3.10976 -0.622997 1.859 -1.271 0.622997 0.0189216 0.137791 0.506193 1.16321 0.441735 1.2042 0.388887 1.25095 0.350481 1.30335 0.0183298 0.136259 0.301 4.7561e-34 0
3.10976 -0.622997 1.859 -1.271 0.622997 0.0189216 0.137791 0.506193 1.16321 0.441735 1.2042 0.388887 1.25095 0.350481 1.30335 0.0183298 0.136259 0.303 4.7561e-34 0
3.10976 -0.622997 1.859 -1.271 0.622997 0.0189216 0.137791 0.506193 1.16321 0.441735 1.2042 0.388887 1.25095 0.350481 1.30335 0.0183298 0.136259 0.309 4.7561e-34 0
3.11071 -0.616069 1.859 -1.271 0.616069 0.0183298 0.136259 0.506978 1.16384 0.443178 1.20552 0.391097 1.25286 0.353647 1.30584 0.017756 0.134744 0.305 1.77895e-33 0
3.11071 -0.616069 1.859 -1.271 0.616069 0.0183298 0.136259 0.506978 1.16384 0.443178 1.20552 0.391097 1.25286 0.353647 1.30584 0.017756 0.134744 0.304 1.77895e-33 0
3.11071 -0.616069 1.859 -1.271 0.616069 0.0183298 0.136259 0.506978 1.16384 0.443178 1.20552 0.391097 1.25286 0.353647 1.30584 0.017756 0.134744 0.302 1.77895e-33 0
3.11071 -0.616069 1.859 -1.271 0.616069 0.0183298 0.136259 0.506978 1.16384 0.443178 1.20552 0.391097 1.25286 0.353647 1.30584 0.017756 0.134744 0.329 1.77895e-33 0
3.11163 -0.609215 1.859 -1.271 0.609215 0.017756 0.134744 0.507749 1.16445 0.444605 1.20683 0.393275 1.25473 0.35674 1.30829 0.0172005 0.133244 0.302 8.81803e-34 0
3.11163 -0.609215 1.859 -1.271 0.609215 0.017756 0.134744 0.507749 1.16445 0.444605 1.20683 0.393275 1.25473 0.35674 1.30829 0.0172005 0.133244 0.302 8.81803e-34 0
3.11163 -0.609215 1.859 -1.271 0.609215 0.017756 0.134744 0.507749 1.16445 0.444605 1.20683 0.393275 1.25473 0.35674 1.30829 0.0172005 0.133244 0.302 8.81803e-34 0
3.11163 -0.609215 1.859 -1.271 0.609215 0.017756 0.134744 0.507749 1.16445 0.444605 1.20683 0.393275 1.25473 0.35674 1.30829 0.0172005 0.133244 0.314 8.81803e-34 0
3.11252 -0.602435 1.859 -1.271 0.602435 0.0172005 0.133244 0.508507 1.16505 0.446015 1.20811 0.395429 1.25657 0.359756 1.3107 0.0166617 0.131762 0.314 6.83947e-31 0
3.11252 -0.602435 1.859 -1.271 0.602435 0.0172005 0.133244 0.508507 1.16505 0.446015 1.20811 0.395429 1.25657 0.359756 1.3107 0.0166617 0.131762 0.305 6.83947e-31 0
3.11252 -0.602435 1.859 -1.271 0.602435 0.0172005 0.133244 0.508507 1.16505 0.446015 1.20811 0.395429 1.25657 0.359756 1.3107 0.0166617 0.131762 0.388 6.83947e-31 0
3.11252 -0.602435 1.859 -1.271 0.602435 0.0172005 0.133244 0.508507 1.16505 0.446015 1.20811 0.395429 1.25657 0.359756 1.3107 0.0166617 0.131762 0.309 6.83947e-31 0
3.11338 -0.595726 1.859 -1.271 0.595726 0.0166617 0.131762 0.509251 1.16564 0.447408 1.20937 0.397559 1.25837 0.362711 1.31306 0.0161401 0.130294 0.307 4.59439e-31 0
3.11338 -0.595726 1.859 -1.271 0.595726 0.0166617 0.131762 0.509251 1.16564 0.447408 1.20937 0.397559 1.25837 0.362711 1.31306 0.0161401 0.130294 0.304 1.61252e-30 0
3.11338 -0.595726 1.859 -1.271 0.595726 0.0166617 0.131762 0.509251 1.16564 0.447408 1.20937 0.397559 1.25837 0.362711 1.31306 0.0161401 0.130294 0.308 4.59439e-31 0
3.11421 -0.589089 1.859 -1.271 0.589089 0.0161401 0.130294 0.509983 1.16622 0.448786 1.21061 0.399667 1.26015 0.365631 1.31539 0.0156348 0.128843 0.305 1.91789e-35 0
3.11421 -0.589089 1.859 -1.271 0.589089 0.0161401 0.130294 0.509983 1.16622 0.448786 1.21061 0.399667 1.26015 0.365631 1.31539 0.0156348 0.128843 0.301 1.91789e-35 0
3.11421 -0.589089 1.859 -1.271 0.589089 0.0161401 0.130294 0.509983 1.16622 0.448786 1.21061 0.399667 1.26015 0.365631 1.31539 0.0156348 0.128843 0.302 1.91789e-35 0
3.11421 -0.589089 1.859 -1.271 0.589089 0.0161401 0.130294 0.509983 1.16622 0.448786 1.21061 0.399667 1.26015 0.365631 1.31539 0.0156348 0.128843 0.307 1.91789e-35 0
3.11502 -0.582522 1.859 -1.271 0.582522 0.0156348 0.128843 0.510702 1.16679 0.450148 1.2118 0.401751 1.26189 0.368516 1.31767 0.0151454 0.127406 0.305 3.3909e-34 0
3.11502 -0.582522 1.859 -1.271 0.582522 0.0156348 0.128843 0.510702 1.16679 0.450148 1.2118 0.401751 1.26189 0.368516 1.31767 0.0151454 0.127406 0.302 3.3909e-34 0
3.11502 -0.582522 1.859 -1.271 0.582522 0.0156348 0.128843 0.510702 1.16679 0.450148 1.2118 0.401751 1.26189 0.368516 1.31767 0.0151454 0.127406 0.302 3.3909e-34 0
3.11502 -0.582522 1.859 -1.271 0.582522 0.0156348 0.128843 0.510702 1.16679 0.450148 1.2118 0.401751 1.26189 0.368516 1.31767 0.0151454 0.127406 0.306 3.3909e-34 0
3.1158 -0.576026 1.859 -1.271 0.576026 0.0151454 0.127406 0.511409 1.16735 0.451493 1.21294 0.403812 1.26361 0.371366 1.31992 0.014671 0.125986 0.304 6.1383e-35 0
3.1158 -0.576026 1.859 -1.271 0.576026 0.0151454 0.127406 0.511409 1.16735 0.451493 1.21294 0.403812 1.26361 0.371366 1.31992 0.014671 0.125986 0.303 6.1383e-35 0
3.1158 -0.576026 1.859 -1.271 0.576026 0.0151454 0.127406 0.511409 1.16735 0.451493 1.21294 0.403812 1.26361 0.371366 1.31992 0.014671 0.125986 0.312 6.1383e-35 0
3.1158 -0.576026 1.859 -1.271 0.576026 0.0151454 0.127406 0.511409 1.16735 0.451493 1.21294 0.403812 1.26361 0.371366 1.31992 0.014671 0.125986 0.306 6.1383e-35 0
3.11656 -0.569599 1.859 -1.271 0.569599 0.014671 0.125986 0.512105 1.1679 0.452823 1.21405 0.405851 1.26529 0.374183 1.32213 0.0142115 0.12458 0.311 1.36446e-30 0
3.11656 -0.569599 1.859 -1.271 0.569599 0.014671 0.125986 0.512105 1.1679 0.452823 1.21405 0.405851 1.26529 0.374183 1.32213 0.0142115 0.12458 0.303 1.36446e-30 0
3.11656 -0.569599 1.859 -1.271 0.569599 0.014671 0.125986 0.512105 1.1679 0.452823 1.21405 0.405851 1.26529 0.374183 1.32213 0.0142115 0.12458 0.303 1.36446e-30 0
3.11656 -0.569599 1.859 -1.271 0.569599 0.014671 0.125986 0.512105 1.1679 0.452823 1.21405 0.405851 1.26529 0.374183 1.32213 0.0142115 0.12458 0.3 1.36446e-30 0
3.11729 -0.56324 1.859 -1.271 0.56324 0.0142115 0.12458 0.512789 1.16844 0.454137 1.21514 0.407866 1.26695 0.376965 1.3243 0.0137668 0.123189 0.298 6.85382e-34 0
3.11729 -0.56324 1.859 -1.271 0.56324 0.0142115 0.12458 0.512789 1.16844 0.454137 1.21514 0.407866 1.26695 0.376965 1.3243 0.0137668 0.123189 0.287 6.85382e-34 0
3.11729 -0.56324 1.859 -1.271 0.56324 0.0142115 0.12458 0.512789 1.16844 0.454137 1.21514 0.407866 1.26695 0.376965 1.3243 0.0137668 0.123189 0.287 6.85382e-34 0
3.11729 -0.56324 1.859 -1.271 0.56324 0.0142115 0.12458 0.512789 1.16844 0.454137 1.21514 0.407866 1.26695 0.376965 1.3243 0.0137668 0.123189 0.291 6.85382e-34 0
3.118 -0.556948 1.859 -1.271 0.556948 0.0137668 0.123189 0.513446 1.16897 0.455435 1.21621 0.409858 1.26858 0.379713 1.32643 0.0133359 0.121813 0.286 3.66549e-36 0
3.118 -0.556948 1.859 -1.271 0.556948 0.0137668 0.123189 0.513446 1.16897 0.455435 1.21621 0.409858 1.26858 0.379713 1.32643 0.0133359 0.121813 0.286 3.66549e-36 0
3.118 -0.556948 1.859 -1.271 0.556948 0.0137668 0.123189 0.513446 1.16897 0.455435 1.21621 0.409858 1.26858 0.379713 1.32643 0.0133359 0.121813 0.307 3.66549e-36 0
3.11869 -0.550723 1.859 -1.271 0.550723 0.0133359 0.121813 0.514037 1.16949 0.456718 1.21727 0.411828 1.27018 0.382428 1.32852 0.0129185 0.120451 0.286 4.67967e-34 0
3.11869 -0.550723 1.859 -1.271 0.550723 0.0133359 0.121813 0.514037 1.16949 0.456718 1.21727 0.411828 1.27018 0.382428 1.32852 0.0129185 0.120451 0.296 4.67967e-34 0
3.11869 -0.550723 1.859 -1.271 0.550723 0.0133359 0.121813 0.514037 1.16949 0.456718 1.21727 0.411828 1.27018 0.382428 1.32852 0.0129185 0.120451 0.286 4.67967e-34 0
3.11869 -0.550723 1.859 -1.271 0.550723 0.0133359 0.121813 0.514037 1.16949 0.456718 1.21727 0.411828 1.27018 0.382428 1.32852 0.0129185 0.120451 0.309 4.67967e-34 0
3.11936 -0.544565 1.859 -1.271 0.544565 0.0129185 0.120451 0.514619 1.17 0.457985 1.2183 0.413775 1.27175 0.385109 1.33058 0.0125141 0.119104 0.295 3.75315e-34 0
3.11936 -0.544565 1.859 -1.271 0.544565 0.0129185 0.120451 0.514619 1.17 0.457985 1.2183 0.413775 1.27175 0.385109 1.33058 0.0125141 0.119104 0.286 3.75315e-34 0
3.11936 -0.544565 1.859 -1.271 0.544565 0.0129185 0.120451 0.514619 1.17 0.457985 1.2183 0.413775 1.27175 0.385109 1.33058 0.0125141 0.119104 0.285 3.75315e-34 0
3.11936 -0.544565 1.859 -1.271 0.544565 0.0129185 0.120451 0.514619 1.17 0.457985 1.2183 0.413775 1.27175 0.385109 1.33058 0.0125141 0.119104 0.298 3.75315e-34 0
3.12 -0.538471 1.859 -1.271 0.538471 0.0125141 0.119104 0.51519 1.17051 0.459237 1.21932 0.4157 1.2733 0.387757 1.33261 0.0121228 0.117772 0.293 1.61055e-36 0
3.12 -0.538471 1.859 -1.271 0.538471 0.0125141 0.119104 0.51519 1.17051 0.459237 1.21932 0.4157 1.2733 0.387757 1.33261 0.0121228 0.117772 0.285 1.61055e-36 0
3.12 -0.538471 1.859 -1.271 0.538471 0.0125141 0.119104 0.51519 1.17051 0.459237 1.21932 0.4157 1.2733 0.387757 1.33261 0.0121228 0.117772 0.287 1.61055e-36 0
3.12 -0.538471 1.859 -1.271 0.538471 0.0125141 0.119104 0.51519 1.17051 0.459237 1.21932 0.4157 1.2733 0.387757 1.33261 0.0121228 0.117772 0.299 1.61055e-36 0
3.12063 -0.532442 1.859 -1.271 0.532442 0.0121228 0.117772 0.515752 1.171 0.460474 1.22032 0.417603 1.27482 0.390373 1.3346 0.0117431 0.116453 0.304 1.75932e-31 0
3.12063 -0.532442 1.859 -1.271 0.532442 0.0121228 0.117772 0.515752 1.171 0.460474 1.22032 0.417603 1.27482 0.390373 1.3346 0.0117431 0.116453 0.296 1.76224e-31 0
3.12063 -0.532442 1.859 -1.271 0.532442 0.0121228 0.117772 0.515752 1.171 0.460474 1.22032 0.417603 1.27482 0.390373 1.3346 0.0117431 0.116453 0.304 1.75932e-31 0
3.12063 -0.532442 1.859 -1.271 0.532442 0.0121228 0.117772 0.515752 1.171 0.460474 1.22032 0.417603 1.27482 0.390373 1.3346 0.0117431 0.116453 0.305 1.76224e-31 0
3.12124 -0.526478 1.859 -1.271 0.526478 0.0117431 0.116453 0.516304 1.17143 0.461697 1.22131 0.419483 1.27632 0.392957 1.33656 0.0113752 0.115149 0.305 2.60641e-34 0
3.12124 -0.526478 1.859 -1.271 0.526478 0.0117431 0.116453 0.516304 1.17143 0.461697 1.22131 0.419483 1.27632 0.392957 1.33656 0.0113752 0.115149 0.31 2.60641e-34 0
3.12124 -0.526478 1.859 -1.271 0.526478 0.0117431 0.116453 0.516304 1.17143 0.461697 1.22131 0.419483 1.27632 0.392957 1.33656 0.0113752 0.115149 0.307 2.60641e-34 0
3.12182 -0.520577 1.859 -1.271 0.520577 0.0113752 0.115149 0.516848 1.17185 0.462886 1.22228 0.421342 1.27779 0.395509 1.33849 0.0110189 0.113858 0.307 3.39818e-34 0
3.12182 -0.520577 1.859 -1.271 0.520577 0.0113752 0.115149 0.516848 1.17185 0.462886 1.22228 0.421342 1.27779 0.395509 1.33849 0.0110189 0.113858 0.304 3.39818e-34 0
3.12182 -0.520577 1.859 -1.271 0.520577 0.0113752 0.115149 0.516848 1.17185 0.462886 1.22228 0.421342 1.27779 0.395509 1.33849 0.0110189 0.113858 0.303 3.39818e-34 0
3.12182 -0.520577 1.859 -1.271 0.520577 0.0113752 0.115149 0.516848 1.17185 0.462886 1.22228 0.421342 1.27779 0.395509 1.33849 0.0110189 0.113858 0.308 3.39818e-34 0
3.12239 -0.514738 1.859 -1.271 0.514738 0.0110189 0.113858 0.517383 1.17226 0.46403 1.22323 0.42318 1.27924 0.39803 1.34038 0.0106737 0.112581 0.312 4.12301e-34 0
3.12239 -0.514738 1.859 -1.271 0.514738 0.0110189 0.113858 0.517383 1.17226 0.46403 1.22323 0.42318 1.27924 0.39803 1.34038 0.0106737 0.112581 0.302 4.12301e-34 0
3.12239 -0.514738 1.859 -1.271 0.514738 0.0110189 0.113858 0.517383 1.17226 0.46403 1.22323 0.42318 1.27924 0.39803 1.34038 0.0106737 0.112581 0.313 4.12301e-34 0
3.12239 -0.514738 1.859 -1.271 0.514738 0.0110189 0.113858 0.517383 1.17226 0.46403 1.22323 0.42318 1.27924 0.39803 1.34038 0.0106737 0.112581 0.298 4.12301e-34 0
3.12294 -0.508962 1.859 -1.271 0.508962 0.0106737 0.112581 0.517908 1.17266 0.465134 1.22417 0.424996 1.28067 0.400519 1.34222 0.0103394 0.111318 0.304 4.09671e-31 0
3.12294 -0.508962 1.859 -1.271 0.508962 0.0106737 0.112581 0.517908 1.17266 0.465134 1.22417 0.424996 1.28067 0.400519 1.34222 0.0103394 0.111318 0.302 6.21451e-33 0
3.12294 -0.508962 1.859 -1.271 0.508962 0.0106737 0.112581 0.517908 1.17266 0.465134 1.22417 0.424996 1.28067 0.400519 1.34222 0.0103394 0.111318 0.303 5.17129e-31 0
3.12294 -0.508962 1.859 -1.271 0.508962 0.0106737 0.112581 0.517908 1.17266 0.465134 1.22417 0.424996 1.28067 0.400519 1.34222 0.0103394 0.111318 0.306 4.09671e-31 0
3.12348 -0.503246 1.859 -1.271 0.503246 0.0103394 0.111318 0.518425 1.17305 0.466222 1.22509 0.426791 1.28207 0.402977 1.344 0.0100158 0.110067 0.312 2.82756e-34 0
3.12348 -0.503246 1.859 -1.271 0.503246 0.0103394 0.111318 0.518425 1.17305 0.466222 1.22509 0.426791 1.28207 0.402977 1.344 0.0100158 0.110067 0.311 2.82756e-34 0
3.12348 -0.503246 1.859 -1.271 0.503246 0.0103394 0.111318 0.518425 1.17305 0.466222 1.22509 0.426791 1.28207 0.402977 1.344 0.0100158 0.110067 0.321 2.82756e-34 0
3.12348 -0.503246 1.859 -1.271 0.503246 0.0103394 0.111318 0.518425 1.17305 0.466222 1.22509 0.426791 1.28207 0.402977 1.344 0.0100158 0.110067 0.318 2.82756e-34 0
3.124 -0.49759 1.859 -1.271 0.49759 0.0100158 0.110067 0.518933 1.17344 0.467296 1.226 0.428565 1.28344 0.405405 1.34575 0.00970216 0.10883 0.312 3.73946e-31 0
3.124 -0.49759 1.859 -1.271 0.49759 0.0100158 0.110067 0.518933 1.17344 0.467296 1.226 0.428565 1.28344 0.405405 1.34575 0.00970216 0.10883 0.331 3.74214e-31 0
3.124 -0.49759 1.859 -1.271 0.49759 0.0100158 0.110067 0.518933 1.17344 0.467296 1.226 0.428565 1.28344 0.405405 1.34575 0.00970216 0.10883 0.311 3.73946e-31 0
3.124 -0.49759 1.859 -1.271 0.49759 0.0100158 0.110067 0.518933 1.17344 0.467296 1.226 0.428565 1.28344 0.405405 1.34575 0.00970216 0.10883 0.316 3.74214e-31 0
3.1245 -0.491995 1.859 -1.271 0.491995 0.00970216 0.10883 0.519434 1.17382 0.468358 1.22689 0.430318 1.2848 0.407803 1.34747 0.00939791 0.107607 0.313 3.77901e-31 0
3.1245 -0.491995 1.859 -1.271 0.491995 0.00970216 0.10883 0.519434 1.17382 0.468358 1.22689 0.430318 1.2848 0.407803 1.34747 0.00939791 0.107607 0.313 3.77901e-31 0
3.1245 -0.491995 1.859 -1.271 0.491995 0.00970216 0.10883 0.519434 1.17382 0.468358 1.22689 0.430318 1.2848 0.407803 1.34747 0.00939791 0.107607 0.315 3.77901e-31 0
3.1245 -0.491995 1.859 -1.271 0.491995 0.00970216 0.10883 0.519434 1.17382 0.468358 1.22689 0.430318 1.2848 0.407803 1.34747 0.00939791 0.107607 0.334 3.77901e-31 0
3.12498 -0.486459 1.859 -1.271 0.486459 0.00939791 0.107607 0.519926 1.1742 0.469408 1.22777 0.432049 1.28613 0.410171 1.34916 0.00910364 0.106396 0.311 3.93843e-34 0
3.12498 -0.486459 1.859 -1.271 0.486459 0.00939791 0.107607 0.519926 1.1742 0.469408 1.22777 0.432049 1.28613 0.410171 1.34916 0.00910364 0.106396 0.311 3.93843e-34 0
3.12498 -0.486459 1.859 -1.271 0.486459 0.00939791 0.107607 0.519926 1.1742 0.469408 1.22777 0.432049 1.28613 0.410171 1.34916 0.00910364 0.106396 0.311 3.93843e-34 0
3.12498 -0.486459 1.859 -1.271 0.486459 0.00939791 0.107607 0.519926 1.1742 0.469408 1.22777 0.432049 1.28613 0.410171 1.34916 0.00910364 0.106396 0.324 3.93843e-34 0
3.12545 -0.480979 1.859 -1.271 0.480979 0.00910364 0.106396 0.52041 1.17457 0.470445 1.22863 0.433742 1.28744 0.412509 1.35083 0.00881963 0.105197 0.303 3.95873e-34 0
3.12545 -0.480979 1.859 -1.271 0.480979 0.00910364 0.106396 0.52041 1.17457 0.470445 1.22863 0.433742 1.28744 0.412509 1.35083 0.00881963 0.105197 0.304 3.95873e-34 0
3.12545 -0.480979 1.859 -1.271 0.480979 0.00910364 0.106396 0.52041 1.17457 0.470445 1.22863 0.433742 1.28744 0.412509 1.35083 0.00881963 0.105197 0.294 3.95873e-34 0
3.12545 -0.480979 1.859 -1.271 0.480979 0.00910364 0.106396 0.52041 1.17457 0.470445 1.22863 0.433742 1.28744 0.412509 1.35083 0.00881963 0.105197 0.315 3.95873e-34 0
3.12591 -0.475559 1.859 -1.271 0.475559 0.00881963 0.105197 0.520887 1.17493 0.47147 1.22948 0.435389 1.28873 0.414818 1.35246 0.008544 0.104012 0.323 5.70617e-34 0
3.12591 -0.475559 1.859 -1.271 0.475559 0.00881963 0.105197 0.520887 1.17493 0.47147 1.22948 0.435389 1.28873 0.414818 1.35246 0.008544 0.104012 0.311 5.70617e-34 0
3.12591 -0.475559 1.859 -1.271 0.475559 0.00881963 0.105197 0.520887 1.17493 0.47147 1.22948 0.435389 1.28873 0.414818 1.35246 0.008544 0.104012 0.315 5.70617e-34 0
3.12591 -0.475559 1.859 -1.271 0.475559 0.00881963 0.105197 0.520887 1.17493 0.47147 1.22948 0.435389 1.28873 0.414818 1.35246 0.008544 0.104012 0.317 5.70617e-34 0
3.12635 -0.470197 1.859 -1.271 0.470197 0.008544 0.104012 0.521355 1.17528 0.472482 1.23032 0.436994 1.29 0.417098 1.35407 0.00827617 0.102839 0.311 1.66733e-34 0
3.12635 -0.470197 1.859 -1.271 0.470197 0.008544 0.104012 0.521355 1.17528 0.472482 1.23032 0.436994 1.29 0.417098 1.35407 0.00827617 0.102839 0.311 1.66733e-34 0
3.12635 -0.470197 1.859 -1.271 0.470197 0.008544 0.104012 0.521355 1.17528 0.472482 1.23032 0.436994 1.29 0.417098 1.35407 0.00827617 0.102839 0.312 1.66733e-34 0
3.12635 -0.470197 1.859 -1.271 0.470197 0.008544 0.104012 0.521355 1.17528 0.472482 1.23032 0.436994 1.29 0.417098 1.35407 0.00827617 0.102839 0.316 1.66733e-34 0
3.12678 -0.464891 1.859 -1.271 0.464891 0.00827617 0.102839 0.521817 1.17563 0.473483 1.23114 0.438575 1.29125 0.41935 1.35566 0.00801731 0.101679 0.311 2.63471e-33 0
3.12678 -0.464891 1.859 -1.271 0.464891 0.00827617 0.102839 0.521817 1.17563 0.473483 1.23114 0.438575 1.29125 0.41935 1.35566 0.00801731 0.101679 0.309 2.63471e-33 0
3.12678 -0.464891 1.859 -1.271 0.464891 0.00827617 0.102839 0.521817 1.17563 0.473483 1.23114 0.438575 1.29125 0.41935 1.35566 0.00801731 0.101679 0.31 2.63471e-33 0
3.12678 -0.464891 1.859 -1.271 0.464891 0.00827617 0.102839 0.521817 1.17563 0.473483 1.23114 0.438575 1.29125 0.41935 1.35566 0.00801731 0.101679 0.321 2.63471e-33 0
3.12719 -0.459642 1.859 -1.271 0.459642 0.00801731 0.101679 0.522272 1.17598 0.474472 1.23195 0.440137 1.29248 0.421571 1.35722 0.00776611 0.100531 0.313 3.88267e-34 0
3.12719 -0.459642 1.859 -1.271 0.459642 0.00801731 0.101679 0.522272 1.17598 0.474472 1.23195 0.440137 1.29248 0.421571 1.35722 0.00776611 0.100531 0.31 3.88267e-34 0
3.12719 -0.459642 1.859 -1.271 0.459642 0.00801731 0.101679 0.522272 1.17598 0.474472 1.23195 0.440137 1.29248 0.421571 1.35722 0.00776611 0.100531 0.312 3.88267e-34 0
3.12719 -0.459642 1.859 -1.271 0.459642 0.00801731 0.101679 0.522272 1.17598 0.474472 1.23195 0.440137 1.29248 0.421571 1.35722 0.00776611 0.100531 0.316 3.88267e-34 0
3.12759 -0.454449 1.859 -1.271 0.454449 0.00776611 0.100531 0.52272 1.17632 0.475449 1.23275 0.441681 1.29369 0.423749 1.35875 0.00752271 0.0993947 0.325 4.20397e-31 0
3.12759 -0.454449 1.859 -1.271 0.454449 0.00776611 0.100531 0.52272 1.17632 0.475449 1.23275 0.441681 1.29369 0.423749 1.35875 0.00752271 0.0993947 0.312 4.20397e-31 0
3.12759 -0.454449 1.859 -1.271 0.454449 0.00776611 0.100531 0.52272 1.17632 0.475449 1.23275 0.441681 1.29369 0.423749 1.35875 0.00752271 0.0993947 0.321 4.20397e-31 0
3.12759 -0.454449 1.859 -1.271 0.454449 0.00776611 0.100531 0.52272 1.17632 0.475449 1.23275 0.441681 1.29369 0.423749 1.35875 0.00752271 0.0993947 0.326 4.20397e-31 0
3.12798 -0.44931 1.859 -1.271 0.44931 0.00752271 0.0993947 0.523162 1.17665 0.476415 1.23353 0.443207 1.29487 0.425881 1.36026 0.00728697 0.0982708 0.323 1.61535e-34 0
3.12798 -0.44931 1.859 -1.271 0.44931 0.00752271 0.0993947 0.523162 1.17665 0.476415 1.23353 0.443207 1.29487 0.425881 1.36026 0.00728697 0.0982708 0.322 1.61535e-34 0
3.12798 -0.44931 1.859 -1.271 0.44931 0.00752271 0.0993947 0.523162 1.17665 0.476415 1.23353 0.443207 1.29487 0.425881 1.36026 0.00728697 0.0982708 0.324 1.61535e-34 0
3.12798 -0.44931 1.859 -1.271 0.44931 0.00752271 0.0993947 0.523162 1.17665 0.476415 1.23353 0.443207 1.29487 0.425881 1.36026 0.00728697 0.0982708 0.328 1.61535e-34 0
3.12836 -0.444226 1.859 -1.271 0.444226 0.00728697 0.0982708 0.523597 1.17698 0.47737 1.2343 0.444716 1.296 0.42797 1.36174 0.00705861 0.0971589 0.313 3.7234e-34 0
3.12836 -0.444226 1.859 -1.271 0.444226 0.00728697 0.0982708 0.523597 1.17698 0.47737 1.2343 0.444716 1.296 0.42797 1.36174 0.00705861 0.0971589 0.311 3.7234e-34 0
3.12836 -0.444226 1.859 -1.271 0.444226 0.00728697 0.0982708 0.523597 1.17698 0.47737 1.2343 0.444716 1.296 0.42797 1.36174 0.00705861 0.0971589 0.311 3.7234e-34 0
3.12836 -0.444226 1.859 -1.271 0.444226 0.00728697 0.0982708 0.523597 1.17698 0.47737 1.2343 0.444716 1.296 0.42797 1.36174 0.00705861 0.0971589 0.317 3.7234e-34 0
3.12872 -0.439195 1.859 -1.271 0.439195 0.00705861 0.0971589 0.524027 1.1773 0.478313 1.23506 0.446207 1.2971 0.430023 1.3632 0.00683761 0.0960584 0.312 1.94066e-34 0
3.12872 -0.439195 1.859 -1.271 0.439195 0.00705861 0.0971589 0.524027 1.1773 0.478313 1.23506 0.446207 1.2971 0.430023 1.3632 0.00683761 0.0960584 0.311 1.94066e-34 0
3.12872 -0.439195 1.859 -1.271 0.439195 0.00705861 0.0971589 0.524027 1.1773 0.478313 1.23506 0.446207 1.2971 0.430023 1.3632 0.00683761 0.0960584 0.313 1.94066e-34 0
3.12872 -0.439195 1.859 -1.271 0.439195 0.00705861 0.0971589 0.524027 1.1773 0.478313 1.23506 0.446207 1.2971 0.430023 1.3632 0.00683761 0.0960584 0.327 1.94066e-34 0
3.12907 -0.434216 1.859 -1.271 0.434216 0.00683761 0.0960584 0.52445 1.17762 0.479246 1.23581 0.44768 1.29819 0.432051 1.36464 0.00662385 0.0949697 0.315 4.21908e-31 0
3.12907 -0.434216 1.859 -1.271 0.434216 0.00683761 0.0960584 0.52445 1.17762 0.479246 1.23581 0.44768 1.29819 0.432051 1.36464 0.00662385 0.0949697 0.314 4.21908e-31 0
3.12907 -0.434216 1.859 -1.271 0.434216 0.00683761 0.0960584 0.52445 1.17762 0.479246 1.23581 0.44768 1.29819 0.432051 1.36464 0.00662385 0.0949697 0.313 4.21908e-31 0
3.12907 -0.434216 1.859 -1.271 0.434216 0.00683761 0.0960584 0.52445 1.17762 0.479246 1.23581 0.44768 1.29819 0.432051 1.36464 0.00662385 0.0949697 0.325 4.21908e-31 0
3.12942 -0.429292 1.859 -1.271 0.429292 0.00662385 0.0949697 0.524867 1.17793 0.480167 1.23655 0.449136 1.29926 0.434054 1.36605 0.00641644 0.0938926 0.316 2.65954e-34 0
3.12942 -0.429292 1.859 -1.271 0.429292 0.00662385 0.0949697 0.524867 1.17793 0.480167 1.23655 0.449136 1.29926 0.434054 1.36605 0.00641644 0.0938926 0.315 2.65954e-34 0
3.12942 -0.429292 1.859 -1.271 0.429292 0.00662385 0.0949697 0.524867 1.17793 0.480167 1.23655 0.449136 1.29926 0.434054 1.36605 0.00641644 0.0938926 0.315 2.65954e-34 0
3.12942 -0.429292 1.859 -1.271 0.429292 0.00662385 0.0949697 0.524867 1.17793 0.480167 1.23655 0.449136 1.29926 0.434054 1.36605 0.00641644 0.0938926 0.407 2.65954e-34 0
3.12942 -0.429292 1.859 -1.271 0.429292 0.00662385 0.0949697 0.524867 1.17793 0.480167 1.23655 0.449136 1.29926 0.434054 1.36605 0.00641644 0.0938926 0.307 2.65954e-34 0
3.12975 -0.424418 1.859 -1.271 0.424418 0.00641644 0.0938926 0.525277 1.17824 0.481077 1.23727 0.450575 1.30031 0.436032 1.36744 0.00621597 0.0928266 0.305 3.62521e-35 0
3.12975 -0.424418 1.859 -1.271 0.424418 0.00641644 0.0938926 0.525277 1.17824 0.481077 1.23727 0.450575 1.30031 0.436032 1.36744 0.00621597 0.0928266 0.304 3.62521e-35 0
3.12975 -0.424418 1.859 -1.271 0.424418 0.00641644 0.0938926 0.525277 1.17824 0.481077 1.23727 0.450575 1.30031 0.436032 1.36744 0.00621597 0.0928266 0.308 3.62521e-35 0
3.13007 -0.419597 1.859 -1.271 0.419597 0.00621597 0.0928266 0.525683 1.17854 0.481976 1.23798 0.451997 1.30135 0.437986 1.36881 0.00602128 0.0917722 0.308 5.4174e-34 0
3.13007 -0.419597 1.859 -1.271 0.419597 0.00621597 0.0928266 0.525683 1.17854 0.481976 1.23798 0.451997 1.30135 0.437986 1.36881 0.00602128 0.0917722 0.307 5.4174e-34 0
3.13007 -0.419597 1.859 -1.271 0.419597 0.00621597 0.0928266 0.525683 1.17854 0.481976 1.23798 0.451997 1.30135 0.437986 1.36881 0.00602128 0.0917722 0.307 5.4174e-34 0
3.13007 -0.419597 1.859 -1.271 0.419597 0.00621597 0.0928266 0.525683 1.17854 0.481976 1.23798 0.451997 1.30135 0.437986 1.36881 0.00602128 0.0917722 0.32 5.4174e-34 0
3.13038 -0.414827 1.859 -1.271 0.414827 0.00602128 0.0917722 0.526082 1.17884 0.482865 1.23869 0.453402 1.30237 0.439916 1.37016 0.00583251 0.090729 0.325 5.28493e-34 0
3.13038 -0.414827 1.859 -1.271 0.414827 0.00602128 0.0917722 0.526082 1.17884 0.482865 1.23869 0.453402 1.30237 0.439916 1.37016 0.00583251 0.090729 0.314 5.28493e-34 0
3.13038 -0.414827 1.859 -1.271 0.414827 0.00602128 0.0917722 0.526082 1.17884 0.482865 1.23869 0.453402 1.30237 0.439916 1.37016 0.00583251 0.090729 0.324 5.28493e-34 0
3.13038 -0.414827 1.859 -1.271 0.414827 0.00602128 0.0917722 0.526082 1.17884 0.482865 1.23869 0.453402 1.30237 0.439916 1.37016 0.00583251 0.090729 0.327 5.28493e-34 0
3.13068 -0.410109 1.859 -1.271 0.410109 0.00583251 0.090729 0.526476 1.17914 0.483744 1.23938 0.454791 1.30337 0.441822 1.37148 0.00564924 0.089697 0.335 1.56541e-33 0
3.13068 -0.410109 1.859 -1.271 0.410109 0.00583251 0.090729 0.526476 1.17914 0.483744 1.23938 0.454791 1.30337 0.441822 1.37148 0.00564924 0.089697 0.313 1.56541e-33 0
3.13068 -0.410109 1.859 -1.271 0.410109 0.00583251 0.090729 0.526476 1.17914 0.483744 1.23938 0.454791 1.30337 0.441822 1.37148 0.00564924 0.089697 0.323 1.56541e-33 0
3.13068 -0.410109 1.859 -1.271 0.410109 0.00583251 0.090729 0.526476 1.17914 0.483744 1.23938 0.454791 1.30337 0.441822 1.37148 0.00564924 0.089697 0.339 1.56541e-33 0
3.13097 -0.40544 1.859 -1.271 0.40544 0.00564924 0.089697 0.526865 1.17943 0.484612 1.24006 0.456164 1.30436 0.443705 1.37279 0.00547219 0.0886759 0.325 1.72157e-33 0
3.13097 -0.40544 1.859 -1.271 0.40544 0.00564924 0.089697 0.526865 1.17943 0.484612 1.24006 0.456164 1.30436 0.443705 1.37279 0.00547219 0.0886759 0.313 1.72157e-33 0
3.13097 -0.40544 1.859 -1.271 0.40544 0.00564924 0.089697 0.526865 1.17943 0.484612 1.24006 0.456164 1.30436 0.443705 1.37279 0.00547219 0.0886759 0.322 1.72157e-33 0
3.13097 -0.40544 1.859 -1.271 0.40544 0.00564924 0.089697 0.526865 1.17943 0.484612 1.24006 0.456164 1.30436 0.443705 1.37279 0.00547219 0.0886759 0.327 1.72157e-33 0
3.13126 -0.400822 1.859 -1.271 0.400822 0.00547219 0.0886759 0.527248 1.17971 0.485471 1.24073 0.45752 1.30533 0.445565 1.37407 0.00530034 0.0876657 0.327 4.10186e-34 0
3.13126 -0.400822 1.859 -1.271 0.400822 0.00547219 0.0886759 0.527248 1.17971 0.485471 1.24073 0.45752 1.30533 0.445565 1.37407 0.00530034 0.0876657 0.315 4.10186e-34 0
3.13126 -0.400822 1.859 -1.271 0.400822 0.00547219 0.0886759 0.527248 1.17971 0.485471 1.24073 0.45752 1.30533 0.445565 1.37407 0.00530034 0.0876657 0.316 4.10186e-34 0
3.13126 -0.400822 1.859 -1.271 0.400822 0.00547219 0.0886759 0.527248 1.17971 0.485471 1.24073 0.45752 1.30533 0.445565 1.37407 0.00530034 0.0876657 0.307 4.10186e-34 0
3.13153 -0.396251 1.859 -1.271 0.396251 0.00530034 0.0876657 0.527626 1.17999 0.486319 1.24139 0.458861 1.30629 0.447401 1.37533 0.00513441 0.0866662 0.315 1.70558e-34 0
3.13153 -0.396251 1.859 -1.271 0.396251 0.00530034 0.0876657 0.527626 1.17999 0.486319 1.24139 0.458861 1.30629 0.447401 1.37533 0.00513441 0.0866662 0.303 1.70558e-34 0
3.13153 -0.396251 1.859 -1.271 0.396251 0.00530034 0.0876657 0.527626 1.17999 0.486319 1.24139 0.458861 1.30629 0.447401 1.37533 0.00513441 0.0866662 0.306 1.70558e-34 0
3.13153 -0.396251 1.859 -1.271 0.396251 0.00530034 0.0876657 0.527626 1.17999 0.486319 1.24139 0.458861 1.30629 0.447401 1.37533 0.00513441 0.0866662 0.333 1.70558e-34 0
3.1318 -0.39173 1.859 -1.271 0.39173 0.00513441 0.0866662 0.527999 1.18027 0.487157 1.24204 0.460186 1.30723 0.449216 1.37658 0.00497369 0.0856772 0.315 1.26008e-33 0
3.1318 -0.39173 1.859 -1.271 0.39173 0.00513441 0.0866662 0.527999 1.18027 0.487157 1.24204 0.460186 1.30723 0.449216 1.37658 0.00497369 0.0856772 0.304 1.26008e-33 0
3.1318 -0.39173 1.859 -1.271 0.39173 0.00513441 0.0866662 0.527999 1.18027 0.487157 1.24204 0.460186 1.30723 0.449216 1.37658 0.00497369 0.0856772 0.304 1.26008e-33 0
3.1318 -0.39173 1.859 -1.271 0.39173 0.00513441 0.0866662 0.527999 1.18027 0.487157 1.24204 0.460186 1.30723 0.449216 1.37658 0.00497369 0.0856772 0.318 1.26008e-33 0
3.13205 -0.387256 1.859 -1.271 0.387256 0.00497369 0.0856772 0.52836 1.18054 0.487985 1.24266 0.461495 1.30816 0.451007 1.3778 0.00481817 0.0846987 0.305 7.90015e-37 0
3.13205 -0.387256 1.859 -1.271 0.387256 0.00497369 0.0856772 0.52836 1.18054 0.487985 1.24266 0.461495 1.30816 0.451007 1.3778 0.00481817 0.0846987 0.305 7.90015e-37 0
3.13205 -0.387256 1.859 -1.271 0.387256 0.00497369 0.0856772 0.52836 1.18054 0.487985 1.24266 0.461495 1.30816 0.451007 1.3778 0.00481817 0.0846987 0.306 7.90015e-37 0
3.13205 -0.387256 1.859 -1.271 0.387256 0.00497369 0.0856772 0.52836 1.18054 0.487985 1.24266 0.461495 1.30816 0.451007 1.3778 0.00481817 0.0846987 0.317 7.90015e-37 0
3.1323 -0.38283 1.859 -1.271 0.38283 0.00481817 0.0846987 0.528702 1.18081 0.488804 1.24326 0.462788 1.30907 0.452776 1.37901 0.00466727 0.0837308 0.307 2.44547e-31 0
3.1323 -0.38283 1.859 -1.271 0.38283 0.00481817 0.0846987 0.528702 1.18081 0.488804 1.24326 0.462788 1.30907 0.452776 1.37901 0.00466727 0.0837308 0.296 2.44547e-31 0
3.1323 -0.38283 1.859 -1.271 0.38283 0.00481817 0.0846987 0.528702 1.18081 0.488804 1.24326 0.462788 1.30907 0.452776 1.37901 0.00466727 0.0837308 0.305 2.44547e-31 0
3.1323 -0.38283 1.859 -1.271 0.38283 0.00481817 0.0846987 0.528702 1.18081 0.488804 1.24326 0.462788 1.30907 0.452776 1.37901 0.00466727 0.0837308 0.301 2.44547e-31 0
3.13254 -0.378453 1.859 -1.271 0.378453 0.00466727 0.0837308 0.529022 1.18107 0.489612 1.24383 0.464067 1.30997 0.454524 1.38019 0.00452086 0.0827733 0.305 4.2241e-31 0
3.13254 -0.378453 1.859 -1.271 0.378453 0.00466727 0.0837308 0.529022 1.18107 0.489612 1.24383 0.464067 1.30997 0.454524 1.38019 0.00452086 0.0827733 0.306 4.2241e-31 0
3.13254 -0.378453 1.859 -1.271 0.378453 0.00466727 0.0837308 0.529022 1.18107 0.489612 1.24383 0.464067 1.30997 0.454524 1.38019 0.00452086 0.0827733 0.305 4.2241e-31 0
3.13254 -0.378453 1.859 -1.271 0.378453 0.00466727 0.0837308 0.529022 1.18107 0.489612 1.24383 0.464067 1.30997 0.454524 1.38019 0.00452086 0.0827733 0.309 4.2241e-31 0
3.13278 -0.374121 1.859 -1.271 0.374121 0.00452086 0.0827733 0.529325 1.18133 0.490412 1.2444 0.46533 1.31086 0.45625 1.38136 0.00437921 0.0818259 0.305 4.61757e-35 0
3.13278 -0.374121 1.859 -1.271 0.374121 0.00452086 0.0827733 0.529325 1.18133 0.490412 1.2444 0.46533 1.31086 0.45625 1.38136 0.00437921 0.0818259 0.297 4.61757e-35 0
3.13278 -0.374121 1.859 -1.271 0.374121 0.00452086 0.0827733 0.529325 1.18133 0.490412 1.2444 0.46533 1.31086 0.45625 1.38136 0.00437921 0.0818259 0.303 4.61757e-35 0
3.13278 -0.374121 1.859 -1.271 0.374121 0.00452086 0.0827733 0.529325 1.18133 0.490412 1.2444 0.46533 1.31086 0.45625 1.38136 0.00437921 0.0818259 0.299 4.61757e-35 0
3.133 -0.369835 1.859 -1.271 0.369835 0.00437921 0.0818259 0.529622 1.18159 0.491202 1.24496 0.466579 1.31173 0.457955 1.38251 0.00424263 0.0808884 0.31 1.2489e-34 0
3.133 -0.369835 1.859 -1.271 0.369835 0.00437921 0.0818259 0.529622 1.18159 0.491202 1.24496 0.466579 1.31173 0.457955 1.38251 0.00424263 0.0808884 0.299 1.2489e-34 0
3.133 -0.369835 1.859 -1.271 0.369835 0.00437921 0.0818259 0.529622 1.18159 0.491202 1.24496 0.466579 1.31173 0.457955 1.38251 0.00424263 0.0808884 0.308 1.2489e-34 0
3.133 -0.369835 1.859 -1.271 0.369835 0.00437921 0.0818259 0.529622 1.18159 0.491202 1.24496 0.466579 1.31173 0.457955 1.38251 0.00424263 0.0808884 0.304 1.2489e-34 0
3.13322 -0.365594 1.859 -1.271 0.365594 0.00424263 0.0808884 0.529916 1.18184 0.491983 1.24551 0.467812 1.31259 0.459639 1.38364 0.00411023 0.0799609 0.307 4.49114e-31 0
3.13322 -0.365594 1.859 -1.271 0.365594 0.00424263 0.0808884 0.529916 1.18184 0.491983 1.24551 0.467812 1.31259 0.459639 1.38364 0.00411023 0.0799609 0.297 4.49114e-31 0
3.13322 -0.365594 1.859 -1.271 0.365594 0.00424263 0.0808884 0.529916 1.18184 0.491983 1.24551 0.467812 1.31259 0.459639 1.38364 0.00411023 0.0799609 0.305 4.49114e-31 0
3.13322 -0.365594 1.859 -1.271 0.365594 0.00424263 0.0808884 0.529916 1.18184 0.491983 1.24551 0.467812 1.31259 0.459639 1.38364 0.00411023 0.0799609 0.302 4.49114e-31 0
3.13343 -0.3614 1.859 -1.271 0.3614 0.00411023 0.0799609 0.530205 1.18209 0.492752 1.24605 0.469031 1.31343 0.461302 1.38476 0.00398131 0.0790437 0.305 1.38951e-34 0
3.13343 -0.3614 1.859 -1.271 0.3614 0.00411023 0.0799609 0.530205 1.18209 0.492752 1.24605 0.469031 1.31343 0.461302 1.38476 0.00398131 0.0790437 0.294 1.38951e-34 0
3.13343 -0.3614 1.859 -1.271 0.3614 0.00411023 0.0799609 0.530205 1.18209 0.492752 1.24605 0.469031 1.31343 0.461302 1.38476 0.00398131 0.0790437 0.302 1.38951e-34 0
3.13343 -0.3614 1.859 -1.271 0.3614 0.00411023 0.0799609 0.530205 1.18209 0.492752 1.24605 0.469031 1.31343 0.461302 1.38476 0.00398131 0.0790437 0.291 1.38951e-34 0
3.13364 -0.357251 1.859 -1.271 0.357251 0.00398131 0.0790437 0.53049 1.18233 0.4935 1.24659 0.470236 1.31426 0.462944 1.38585 0.00385686 0.0781362 0.305 6.78957e-37 0
3.13364 -0.357251 1.859 -1.271 0.357251 0.00398131 0.0790437 0.53049 1.18233 0.4935 1.24659 0.470236 1.31426 0.462944 1.38585 0.00385686 0.0781362 0.296 6.78957e-37 0
3.13364 -0.357251 1.859 -1.271 0.357251 0.00398131 0.0790437 0.53049 1.18233 0.4935 1.24659 0.470236 1.31426 0.462944 1.38585 0.00385686 0.0781362 0.297 6.78957e-37 0
3.13364 -0.357251 1.859 -1.271 0.357251 0.00398131 0.0790437 0.53049 1.18233 0.4935 1.24659 0.470236 1.31426 0.462944 1.38585 0.00385686 0.0781362 0.3 6.78957e-37 0
3.13384 -0.353146 1.859 -1.271 0.353146 0.00385686 0.0781362 0.530771 1.18257 0.494226 1.24711 0.471426 1.31508 0.464567 1.38694 0.00373617 0.0772384 0.306 2.44863e-31 0
3.13384 -0.353146 1.859 -1.271 0.353146 0.00385686 0.0781362 0.530771 1.18257 0.494226 1.24711 0.471426 1.31508 0.464567 1.38694 0.00373617 0.0772384 0.297 2.45074e-31 0
3.13384 -0.353146 1.859 -1.271 0.353146 0.00385686 0.0781362 0.530771 1.18257 0.494226 1.24711 0.471426 1.31508 0.464567 1.38694 0.00373617 0.0772384 0.305 2.44863e-31 0
3.13384 -0.353146 1.859 -1.271 0.353146 0.00385686 0.0781362 0.530771 1.18257 0.494226 1.24711 0.471426 1.31508 0.464567 1.38694 0.00373617 0.0772384 0.3 2.45074e-31 0
3.13403 -0.349087 1.859 -1.271 0.349087 0.00373617 0.0772384 0.531049 1.18281 0.494931 1.24763 0.472603 1.31589 0.46617 1.388 0.00361896 0.0763505 0.307 1.56158e-34 0
3.13403 -0.349087 1.859 -1.271 0.349087 0.00373617 0.0772384 0.531049 1.18281 0.494931 1.24763 0.472603 1.31589 0.46617 1.388 0.00361896 0.0763505 0.301 1.56158e-34 0
3.13403 -0.349087 1.859 -1.271 0.349087 0.00373617 0.0772384 0.531049 1.18281 0.494931 1.24763 0.472603 1.31589 0.46617 1.388 0.00361896 0.0763505 0.308 1.56158e-34 0
3.13403 -0.349087 1.859 -1.271 0.349087 0.00373617 0.0772384 0.531049 1.18281 0.494931 1.24763 0.472603 1.31589 0.46617 1.388 0.00361896 0.0763505 0.303 1.56158e-34 0
3.13422 -0.345069 1.859 -1.271 0.345069 0.00361896 0.0763505 0.531322 1.18304 0.495618 1.24814 0.473765 1.31668 0.467752 1.38905 0.00350579 0.0754719 0.306 4.09432e-35 0
3.13422 -0.345069 1.859 -1.271 0.345069 0.00361896 0.0763505 0.531322 1.18304 0.495618 1.24814 0.473765 1.31668 0.467752 1.38905 0.00350579 0.0754719 0.296 4.09432e-35 0
3.13422 -0.345069 1.859 -1.271 0.345069 0.00361896 0.0763505 0.531322 1.18304 0.495618 1.24814 0.473765 1.31668 0.467752 1.38905 0.00350579 0.0754719 0.31 4.09432e-35 0
3.13422 -0.345069 1.859 -1.271 0.345069 0.00361896 0.0763505 0.531322 1.18304 0.495618 1.24814 0.473765 1.31668 0.467752 1.38905 0.00350579 0.0754719 0.301 4.09432e-35 0
3.1344 -0.341097 1.859 -1.271 0.341097 0.00350579 0.0754719 0.531593 1.18326 0.496297 1.24864 0.474914 1.31747 0.469316 1.39008 0.00339565 0.074603 0.304 6.94663e-34 0
3.1344 -0.341097 1.859 -1.271 0.341097 0.00350579 0.0754719 0.531593 1.18326 0.496297 1.24864 0.474914 1.31747 0.469316 1.39008 0.00339565 0.074603 0.294 6.94663e-34 0
3.1344 -0.341097 1.859 -1.271 0.341097 0.00350579 0.0754719 0.531593 1.18326 0.496297 1.24864 0.474914 1.31747 0.469316 1.39008 0.00339565 0.074603 0.303 6.94663e-34 0
3.1344 -0.341097 1.859 -1.271 0.341097 0.00350579 0.0754719 0.531593 1.18326 0.496297 1.24864 0.474914 1.31747 0.469316 1.39008 0.00339565 0.074603 0.308 6.94663e-34 0
3.13457 -0.337167 1.859 -1.271 0.337167 0.00339565 0.074603 0.531859 1.18345 0.496968 1.24914 0.476049 1.31824 0.47086 1.39109 0.00328913 0.0737434 0.313 1.03165e-35 0
3.13457 -0.337167 1.859 -1.271 0.337167 0.00339565 0.074603 0.531859 1.18345 0.496968 1.24914 0.476049 1.31824 0.47086 1.39109 0.00328913 0.0737434 0.295 1.03165e-35 0
3.13457 -0.337167 1.859 -1.271 0.337167 0.00339565 0.074603 0.531859 1.18345 0.496968 1.24914 0.476049 1.31824 0.47086 1.39109 0.00328913 0.0737434 0.306 1.03165e-35 0
3.13457 -0.337167 1.859 -1.271 0.337167 0.00339565 0.074603 0.531859 1.18345 0.496968 1.24914 0.476049 1.31824 0.47086 1.39109 0.00328913 0.0737434 0.31 1.03165e-35 0
3.13474 -0.333279 1.859 -1.271 0.333279 0.00328913 0.0737434 0.532123 1.18363 0.497632 1.24963 0.477171 1.31899 0.472386 1.39209 0.00318651 0.0728931 0.306 4.2222e-31 0
3.13474 -0.333279 1.859 -1.271 0.333279 0.00328913 0.0737434 0.532123 1.18363 0.497632 1.24963 0.477171 1.31899 0.472386 1.39209 0.00318651 0.0728931 0.303 4.2222e-31 0
3.13474 -0.333279 1.859 -1.271 0.333279 0.00328913 0.0737434 0.532123 1.18363 0.497632 1.24963 0.477171 1.31899 0.472386 1.39209 0.00318651 0.0728931 0.305 4.2222e-31 0
3.13474 -0.333279 1.859 -1.271 0.333279 0.00328913 0.0737434 0.532123 1.18363 0.497632 1.24963 0.477171 1.31899 0.472386 1.39209 0.00318651 0.0728931 0.301 4.2222e-31 0
3.13491 -0.329433 1.859 -1.271 0.329433 0.00318651 0.0728931 0.532382 1.18382 0.498287 1.25011 0.47828 1.31974 0.473892 1.39308 0.00308692 0.0720519 0.305 5.83551e-36 0
3.13491 -0.329433 1.859 -1.271 0.329433 0.00318651 0.0728931 0.532382 1.18382 0.498287 1.25011 0.47828 1.31974 0.473892 1.39308 0.00308692 0.0720519 0.302 5.83551e-36 0
3.13491 -0.329433 1.859 -1.271 0.329433 0.00318651 0.0728931 0.532382 1.18382 0.498287 1.25011 0.47828 1.31974 0.473892 1.39308 0.00308692 0.0720519 0.304 5.83551e-36 0
3.13491 -0.329433 1.859 -1.271 0.329433 0.00318651 0.0728931 0.532382 1.18382 0.498287 1.25011 0.47828 1.31974 0.473892 1.39308 0.00308692 0.0720519 0.298 5.83551e-36 0
3.13507 -0.32563 1.859 -1.271 0.32563 0.00308692 0.0720519 0.532638 1.18399 0.498935 1.25058 0.479375 1.32048 0.47538 1.39405 0.00299008 0.0712201 0.305 3.37786e-34 0
3.13507 -0.32563 1.859 -1.271 0.32563 0.00308692 0.0720519 0.532638 1.18399 0.498935 1.25058 0.479375 1.32048 0.47538 1.39405 0.00299008 0.0712201 0.296 3.37786e-34 0
3.13507 -0.32563 1.859 -1.271 0.32563 0.00308692 0.0720519 0.532638 1.18399 0.498935 1.25058 0.479375 1.32048 0.47538 1.39405 0.00299008 0.0712201 0.304 3.37786e-34 0
3.13507 -0.32563 1.859 -1.271 0.32563 0.00308692 0.0720519 0.532638 1.18399 0.498935 1.25058 0.479375 1.32048 0.47538 1.39405 0.00299008 0.0712201 0.3 3.37786e-34 0
3.13522 -0.321868 1.859 -1.271 0.321868 0.00299008 0.0712201 0.532891 1.18417 0.499575 1.25105 0.480457 1.3212 0.476849 1.395 0.00289642 0.0703974 0.306 2.65144e-35 0
3.13522 -0.321868 1.859 -1.271 0.321868 0.00299008 0.0712201 0.532891 1.18417 0.499575 1.25105 0.480457 1.3212 0.476849 1.395 0.00289642 0.0703974 0.294 2.65144e-35 0
3.13522 -0.321868 1.859 -1.271 0.321868 0.00299008 0.0712201 0.532891 1.18417 0.499575 1.25105 0.480457 1.3212 0.476849 1.395 0.00289642 0.0703974 0.302 2.65144e-35 0
3.13522 -0.321868 1.859 -1.271 0.321868 0.00299008 0.0712201 0.532891 1.18417 0.499575 1.25105 0.480457 1.3212 0.476849 1.395 0.00289642 0.0703974 0.306 2.65144e-35 0
3.13537 -0.318148 1.859 -1.271 0.318148 0.00289642 0.0703974 0.533141 1.18434 0.500208 1.2515 0.481525 1.32192 0.4783 1.39594 0.00280537 0.0695837 0.307 3.29634e-30 0
3.13537 -0.318148 1.859 -1.271 0.318148 0.00289642 0.0703974 0.533141 1.18434 0.500208 1.2515 0.481525 1.32192 0.4783 1.39594 0.00280537 0.0695837 0.296 3.29607e-30 0
3.13537 -0.318148 1.859 -1.271 0.318148 0.00289642 0.0703974 0.533141 1.18434 0.500208 1.2515 0.481525 1.32192 0.4783 1.39594 0.00280537 0.0695837 0.327 3.29634e-30 0
3.13537 -0.318148 1.859 -1.271 0.318148 0.00289642 0.0703974 0.533141 1.18434 0.500208 1.2515 0.481525 1.32192 0.4783 1.39594 0.00280537 0.0695837 0.32 3.29607e-30 0
3.13552 -0.314469 1.859 -1.271 0.314469 0.00280537 0.0695837 0.533388 1.18451 0.500834 1.25196 0.482574 1.32262 0.479734 1.39687 0.00271691 0.068779 0.323 3.26228e-34 0
3.13552 -0.314469 1.859 -1.271 0.314469 0.00280537 0.0695837 0.533388 1.18451 0.500834 1.25196 0.482574 1.32262 0.479734 1.39687 0.00271691 0.068779 0.302 3.26228e-34 0
3.13552 -0.314469 1.859 -1.271 0.314469 0.00280537 0.0695837 0.533388 1.18451 0.500834 1.25196 0.482574 1.32262 0.479734 1.39687 0.00271691 0.068779 0.322 3.26228e-34 0
3.13552 -0.314469 1.859 -1.271 0.314469 0.00280537 0.0695837 0.533388 1.18451 0.500834 1.25196 0.482574 1.32262 0.479734 1.39687 0.00271691 0.068779 0.318 3.26228e-34 0
3.13566 -0.31083 1.859 -1.271 0.31083 0.00271691 0.068779 0.533632 1.18468 0.501453 1.2524 0.4836 1.32331 0.48115 1.39778 0.00263149 0.0679831 0.324 1.092e-34 0
3.13566 -0.31083 1.859 -1.271 0.31083 0.00271691 0.068779 0.533632 1.18468 0.501453 1.2524 0.4836 1.32331 0.48115 1.39778 0.00263149 0.0679831 0.303 1.092e-34 0
3.13566 -0.31083 1.859 -1.271 0.31083 0.00271691 0.068779 0.533632 1.18468 0.501453 1.2524 0.4836 1.32331 0.48115 1.39778 0.00263149 0.0679831 0.322 1.092e-34 0
3.13566 -0.31083 1.859 -1.271 0.31083 0.00271691 0.068779 0.533632 1.18468 0.501453 1.2524 0.4836 1.32331 0.48115 1.39778 0.00263149 0.0679831 0.318 1.092e-34 0
3.13579 -0.307229 1.859 -1.271 0.307229 0.00263149 0.0679831 0.533872 1.18485 0.502064 1.25284 0.484606 1.32399 0.482548 1.39868 0.00254925 0.0671956 0.317 1.00402e-34 0
3.13579 -0.307229 1.859 -1.271 0.307229 0.00263149 0.0679831 0.533872 1.18485 0.502064 1.25284 0.484606 1.32399 0.482548 1.39868 0.00254925 0.0671956 0.303 1.00402e-34 0
3.13579 -0.307229 1.859 -1.271 0.307229 0.00263149 0.0679831 0.533872 1.18485 0.502064 1.25284 0.484606 1.32399 0.482548 1.39868 0.00254925 0.0671956 0.333 1.00402e-34 0
3.13579 -0.307229 1.859 -1.271 0.307229 0.00263149 0.0679831 0.533872 1.18485 0.502064 1.25284 0.484606 1.32399 0.482548 1.39868 0.00254925 0.0671956 0.314 1.00402e-34 0
3.13579 -0.307229 1.859 -1.271 0.307229 0.00263149 0.0679831 0.533872 1.18485 0.502064 1.25284 0.484606 1.32399 0.482548 1.39868 0.00254925 0.0671956 0.326 1.00402e-34 0
3.13593 -0.303669 1.859 -1.271 0.303669 0.00254925 0.0671956 0.53411 1.18501 0.502668 1.25327 0.48559 1.32466 0.483929 1.39956 0.00246889 0.066417 0.32 8.48926e-35 0
3.13593 -0.303669 1.859 -1.271 0.303669 0.00254925 0.0671956 0.53411 1.18501 0.502668 1.25327 0.48559 1.32466 0.483929 1.39956 0.00246889 0.066417 0.334 8.49418e-35 0
3.13593 -0.303669 1.859 -1.271 0.303669 0.00254925 0.0671956 0.53411 1.18501 0.502668 1.25327 0.48559 1.32466 0.483929 1.39956 0.00246889 0.066417 0.304 8.48926e-35 0
3.13593 -0.303669 1.859 -1.271 0.303669 0.00254925 0.0671956 0.53411 1.18501 0.502668 1.25327 0.48559 1.32466 0.483929 1.39956 0.00246889 0.066417 0.328 8.49418e-35 0
3.13605 -0.300148 1.859 -1.271 0.300148 0.00246889 0.066417 0.534344 1.18517 0.503265 1.2537 0.486556 1.32533 0.485294 1.40044 0.00239171 0.0656468 0.314 8.99787e-35 0
3.13605 -0.300148 1.859 -1.271 0.300148 0.00246889 0.066417 0.534344 1.18517 0.503265 1.2537 0.486556 1.32533 0.485294 1.40044 0.00239171 0.0656468 0.324 8.99787e-35 0
3.13605 -0.300148 1.859 -1.271 0.300148 0.00246889 0.066417 0.534344 1.18517 0.503265 1.2537 0.486556 1.32533 0.485294 1.40044 0.00239171 0.0656468 0.304 8.99787e-35 0
3.13605 -0.300148 1.859 -1.271 0.300148 0.00246889 0.066417 0.534344 1.18517 0.503265 1.2537 0.486556 1.32533 0.485294 1.40044 0.00239171 0.0656468 0.32 8.99787e-35 0
3.13618 -0.296666 1.859 -1.271 0.296666 0.00239171 0.0656468 0.534575 1.18533 0.503855 1.25412 0.48751 1.32598 0.486641 1.40129 0.00231655 0.0648854 0.303 2.50249e-34 0
3.13618 -0.296666 1.859 -1.271 0.296666 0.00239171 0.0656468 0.534575 1.18533 0.503855 1.25412 0.48751 1.32598 0.486641 1.40129 0.00231655 0.0648854 0.321 2.50249e-34 0
3.13618 -0.296666 1.859 -1.271 0.296666 0.00239171 0.0656468 0.534575 1.18533 0.503855 1.25412 0.48751 1.32598 0.486641 1.40129 0.00231655 0.0648854 0.311 2.50249e-34 0
3.13618 -0.296666 1.859 -1.271 0.296666 0.00239171 0.0656468 0.534575 1.18533 0.503855 1.25412 0.48751 1.32598 0.486641 1.40129 0.00231655 0.0648854 0.325 2.50249e-34 0
3.1363 -0.293224 1.859 -1.271 0.293224 0.00231655 0.0648854 0.534803 1.18549 0.504438 1.25453 0.488453 1.32662 0.487971 1.40214 0.00224341 0.0641325 0.306 4.75937e-34 0
3.1363 -0.293224 1.859 -1.271 0.293224 0.00231655 0.0648854 0.534803 1.18549 0.504438 1.25453 0.488453 1.32662 0.487971 1.40214 0.00224341 0.0641325 0.314 4.75937e-34 0
3.1363 -0.293224 1.859 -1.271 0.293224 0.00231655 0.0648854 0.534803 1.18549 0.504438 1.25453 0.488453 1.32662 0.487971 1.40214 0.00224341 0.0641325 0.304 4.75937e-34 0
3.1363 -0.293224 1.859 -1.271 0.293224 0.00231655 0.0648854 0.534803 1.18549 0.504438 1.25453 0.488453 1.32662 0.487971 1.40214 0.00224341 0.0641325 0.316 4.75937e-34 0
3.1363 -0.293224 1.859 -1.271 0.293224 0.00231655 0.0648854 0.534803 1.18549 0.504438 1.25453 0.488453 1.32662 0.487971 1.40214 0.00224341 0.0641325 0.317 4.75937e-34 0
3.13642 -0.289818 1.859 -1.271 0.289818 0.00224341 0.0641325 0.535029 1.18564 0.505015 1.25494 0.489385 1.32725 0.489285 1.40297 0.00217331 0.0633876 0.324 4.405e-35 0
3.13642 -0.289818 1.859 -1.271 0.289818 0.00224341 0.0641325 0.535029 1.18564 0.505015 1.25494 0.489385 1.32725 0.489285 1.40297 0.00217331 0.0633876 0.304 4.405e-35 0
3.13642 -0.289818 1.859 -1.271 0.289818 0.00224341 0.0641325 0.535029 1.18564 0.505015 1.25494 0.489385 1.32725 0.489285 1.40297 0.00217331 0.0633876 0.322 4.405e-35 0
3.13642 -0.289818 1.859 -1.271 0.289818 0.00224341 0.0641325 0.535029 1.18564 0.505015 1.25494 0.489385 1.32725 0.489285 1.40297 0.00217331 0.0633876 0.318 4.405e-35 0
3.13653 -0.286451 1.859 -1.271 0.286451 0.00217331 0.0633876 0.535252 1.18579 0.505584 1.25534 0.490306 1.32788 0.490583 1.40379 0.00210524 0.0626512 0.314 1.15843e-34 0
3.13653 -0.286451 1.859 -1.271 0.286451 0.00217331 0.0633876 0.535252 1.18579 0.505584 1.25534 0.490306 1.32788 0.490583 1.40379 0.00210524 0.0626512 0.304 1.15843e-34 0
3.13653 -0.286451 1.859 -1.271 0.286451 0.00217331 0.0633876 0.535252 1.18579 0.505584 1.25534 0.490306 1.32788 0.490583 1.40379 0.00210524 0.0626512 0.323 1.15843e-34 0
3.13653 -0.286451 1.859 -1.271 0.286451 0.00217331 0.0633876 0.535252 1.18579 0.505584 1.25534 0.490306 1.32788 0.490583 1.40379 0.00210524 0.0626512 0.318 1.15843e-34 0
3.13664 -0.283122 1.859 -1.271 0.283122 0.00210524 0.0626512 0.535471 1.18594 0.506147 1.25573 0.491215 1.32849 0.491864 1.40458 0.00203933 0.061923 0.325 1.17587e-35 0
3.13664 -0.283122 1.859 -1.271 0.283122 0.00210524 0.0626512 0.535471 1.18594 0.506147 1.25573 0.491215 1.32849 0.491864 1.40458 0.00203933 0.061923 0.312 1.17587e-35 0
3.13664 -0.283122 1.859 -1.271 0.283122 0.00210524 0.0626512 0.535471 1.18594 0.506147 1.25573 0.491215 1.32849 0.491864 1.40458 0.00203933 0.061923 0.317 1.17587e-35 0
3.13664 -0.283122 1.859 -1.271 0.283122 0.00210524 0.0626512 0.535471 1.18594 0.506147 1.25573 0.491215 1.32849 0.491864 1.40458 0.00203933 0.061923 0.317 1.17587e-35 0
3.13674 -0.27983 1.859 -1.271 0.27983 0.00203933 0.061923 0.535688 1.18609 0.506703 1.25612 0.492114 1.32909 0.493129 1.40535 0.00197516 0.0612031 0.327 3.73355e-31 0
3.13674 -0.27983 1.859 -1.271 0.27983 0.00203933 0.061923 0.535688 1.18609 0.506703 1.25612 0.492114 1.32909 0.493129 1.40535 0.00197516 0.0612031 0.306 3.73355e-31 0
3.13674 -0.27983 1.859 -1.271 0.27983 0.00203933 0.061923 0.535688 1.18609 0.506703 1.25612 0.492114 1.32909 0.493129 1.40535 0.00197516 0.0612031 0.336 3.73355e-31 0
3.13674 -0.27983 1.859 -1.271 0.27983 0.00203933 0.061923 0.535688 1.18609 0.506703 1.25612 0.492114 1.32909 0.493129 1.40535 0.00197516 0.0612031 0.308 3.73355e-31 0
3.13674 -0.27983 1.859 -1.271 0.27983 0.00203933 0.061923 0.535688 1.18609 0.506703 1.25612 0.492114 1.32909 0.493129 1.40535 0.00197516 0.0612031 0.32 3.73355e-31 0
3.13684 -0.276576 1.859 -1.271 0.276576 0.00197516 0.0612031 0.535903 1.18623 0.507253 1.25651 0.493002 1.32969 0.494378 1.40611 0.00191315 0.0604912 0.314 1.99326e-35 0
3.13684 -0.276576 1.859 -1.271 0.276576 0.00197516 0.0612031 0.535903 1.18623 0.507253 1.25651 0.493002 1.32969 0.494378 1.40611 0.00191315 0.0604912 0.312 1.99326e-35 0
3.13684 -0.276576 1.859 -1.271 0.276576 0.00197516 0.0612031 0.535903 1.18623 0.507253 1.25651 0.493002 1.32969 0.494378 1.40611 0.00191315 0.0604912 0.304 1.99326e-35 0
3.13684 -0.276576 1.859 -1.271 0.276576 0.00197516 0.0612031 0.535903 1.18623 0.507253 1.25651 0.493002 1.32969 0.494378 1.40611 0.00191315 0.0604912 0.317 1.99326e-35 0
3.13694 -0.273357 1.859 -1.271 0.273357 0.00191315 0.0604912 0.536114 1.18638 0.507796 1.25689 0.493879 1.33028 0.495612 1.40685 0.00185375 0.0597872 0.319 1.09293e-34 0
3.13694 -0.273357 1.859 -1.271 0.273357 0.00191315 0.0604912 0.536114 1.18638 0.507796 1.25689 0.493879 1.33028 0.495612 1.40685 0.00185375 0.0597872 0.327 1.09293e-34 0
3.13694 -0.273357 1.859 -1.271 0.273357 0.00191315 0.0604912 0.536114 1.18638 0.507796 1.25689 0.493879 1.33028 0.495612 1.40685 0.00185375 0.0597872 0.308 1.09293e-34 0
3.13694 -0.273357 1.859 -1.271 0.273357 0.00191315 0.0604912 0.536114 1.18638 0.507796 1.25689 0.493879 1.33028 0.495612 1.40685 0.00185375 0.0597872 0.33 1.09293e-34 0
3.13704 -0.270174 1.859 -1.271 0.270174 0.00185375 0.0597872 0.536323 1.18652 0.508332 1.25726 0.494745 1.33085 0.496825 1.40759 0.00179579 0.0590912 0.315 3.58413e-33 0
3.13704 -0.270174 1.859 -1.271 0.270174 0.00185375 0.0597872 0.536323 1.18652 0.508332 1.25726 0.494745 1.33085 0.496825 1.40759 0.00179579 0.0590912 0.323 2.99531e-31 0
3.13704 -0.270174 1.859 -1.271 0.270174 0.00185375 0.0597872 0.536323 1.18652 0.508332 1.25726 0.494745 1.33085 0.496825 1.40759 0.00179579 0.0590912 0.303 2.38848e-31 0
3.13704 -0.270174 1.859 -1.271 0.270174 0.00185375 0.0597872 0.536323 1.18652 0.508332 1.25726 0.494745 1.33085 0.496825 1.40759 0.00179579 0.0590912 0.333 3.58413e-33 0
3.13713 -0.267028 1.859 -1.271 0.267028 0.00179579 0.0590912 0.536529 1.18666 0.508862 1.25762 0.495601 1.33142 0.498017 1.40831 0.00173956 0.0584031 0.316 1.42286e-35 0
3.13713 -0.267028 1.859 -1.271 0.267028 0.00179579 0.0590912 0.536529 1.18666 0.508862 1.25762 0.495601 1.33142 0.498017 1.40831 0.00173956 0.0584031 0.314 1.42286e-35 0
3.13713 -0.267028 1.859 -1.271 0.267028 0.00179579 0.0590912 0.536529 1.18666 0.508862 1.25762 0.495601 1.33142 0.498017 1.40831 0.00173956 0.0584031 0.304 1.42286e-35 0
3.13713 -0.267028 1.859 -1.271 0.267028 0.00179579 0.0590912 0.536529 1.18666 0.508862 1.25762 0.495601 1.33142 0.498017 1.40831 0.00173956 0.0584031 0.314 1.42286e-35 0
3.13713 -0.267028 1.859 -1.271 0.267028 0.00179579 0.0590912 0.536529 1.18666 0.508862 1.25762 0.495601 1.33142 0.498017 1.40831 0.00173956 0.0584031 0.327 1.42286e-35 0
3.13722 -0.263918 1.859 -1.271 0.263918 0.00173956 0.0584031 0.536733 1.18679 0.509386 1.25798 0.496446 1.33198 0.499189 1.40902 0.00168522 0.0577228 0.313 4.04529e-35 0
3.13722 -0.263918 1.859 -1.271 0.263918 0.00173956 0.0584031 0.536733 1.18679 0.509386 1.25798 0.496446 1.33198 0.499189 1.40902 0.00168522 0.0577228 0.303 4.04529e-35 0
3.13722 -0.263918 1.859 -1.271 0.263918 0.00173956 0.0584031 0.536733 1.18679 0.509386 1.25798 0.496446 1.33198 0.499189 1.40902 0.00168522 0.0577228 0.321 4.04529e-35 0
3.13722 -0.263918 1.859 -1.271 0.263918 0.00173956 0.0584031 0.536733 1.18679 0.509386 1.25798 0.496446 1.33198 0.499189 1.40902 0.00168522 0.0577228 0.317 4.04529e-35 0
3.13731 -0.260843 1.859 -1.271 0.260843 0.00168522 0.0577228 0.536934 1.18693 0.509904 1.25834 0.497281 1.33254 0.500341 1.40972 0.0016329 0.0570502 0.324 2.72248e-35 0
3.13731 -0.260843 1.859 -1.271 0.260843 0.00168522 0.0577228 0.536934 1.18693 0.509904 1.25834 0.497281 1.33254 0.500341 1.40972 0.0016329 0.0570502 0.304 2.72248e-35 0
3.13731 -0.260843 1.859 -1.271 0.260843 0.00168522 0.0577228 0.536934 1.18693 0.509904 1.25834 0.497281 1.33254 0.500341 1.40972 0.0016329 0.0570502 0.321 2.72248e-35 0
3.13731 -0.260843 1.859 -1.271 0.260843 0.00168522 0.0577228 0.536934 1.18693 0.509904 1.25834 0.497281 1.33254 0.500341 1.40972 0.0016329 0.0570502 0.318 2.72248e-35 0
3.13739 -0.257802 1.859 -1.271 0.257802 0.0016329 0.0570502 0.537132 1.18706 0.510415 1.25869 0.498106 1.33308 0.501473 1.41041 0.00158231 0.0563852 0.316 1.55826e-34 0
3.13739 -0.257802 1.859 -1.271 0.257802 0.0016329 0.0570502 0.537132 1.18706 0.510415 1.25869 0.498106 1.33308 0.501473 1.41041 0.00158231 0.0563852 0.313 1.55826e-34 0
3.13739 -0.257802 1.859 -1.271 0.257802 0.0016329 0.0570502 0.537132 1.18706 0.510415 1.25869 0.498106 1.33308 0.501473 1.41041 0.00158231 0.0563852 0.321 1.55826e-34 0
3.13739 -0.257802 1.859 -1.271 0.257802 0.0016329 0.0570502 0.537132 1.18706 0.510415 1.25869 0.498106 1.33308 0.501473 1.41041 0.00158231 0.0563852 0.314 1.55826e-34 0
3.13739 -0.257802 1.859 -1.271 0.257802 0.0016329 0.0570502 0.537132 1.18706 0.510415 1.25869 0.498106 1.33308 0.501473 1.41041 0.00158231 0.0563852 0.327 1.55826e-34 0
3.13747 -0.254797 1.859 -1.271 0.254797 0.00158231 0.0563852 0.537328 1.18719 0.51092 1.25904 0.498921 1.33362 0.502587 1.41109 0.00153302 0.0557279 0.314 5.9916e-34 0
3.13747 -0.254797 1.859 -1.271 0.254797 0.00158231 0.0563852 0.537328 1.18719 0.51092 1.25904 0.498921 1.33362 0.502587 1.41109 0.00153302 0.0557279 0.316 5.9916e-34 0
3.13747 -0.254797 1.859 -1.271 0.254797 0.00158231 0.0563852 0.537328 1.18719 0.51092 1.25904 0.498921 1.33362 0.502587 1.41109 0.00153302 0.0557279 0.297 5.9916e-34 0
3.13747 -0.254797 1.859 -1.271 0.254797 0.00158231 0.0563852 0.537328 1.18719 0.51092 1.25904 0.498921 1.33362 0.502587 1.41109 0.00153302 0.0557279 0.308 5.9916e-34 0
3.13755 -0.251827 1.859 -1.271 0.251827 0.00153302 0.0557279 0.537522 1.18732 0.511419 1.25938 0.499726 1.33414 0.503685 1.41176 0.00148504 0.0550783 0.306 5.48782e-34 0
3.13755 -0.251827 1.859 -1.271 0.251827 0.00153302 0.0557279 0.537522 1.18732 0.511419 1.25938 0.499726 1.33414 0.503685 1.41176 0.00148504 0.0550783 0.304 5.48782e-34 0
3.13755 -0.251827 1.859 -1.271 0.251827 0.00153302 0.0557279 0.537522 1.18732 0.511419 1.25938 0.499726 1.33414 0.503685 1.41176 0.00148504 0.0550783 0.296 5.48782e-34 0
3.13755 -0.251827 1.859 -1.271 0.251827 0.00153302 0.0557279 0.537522 1.18732 0.511419 1.25938 0.499726 1.33414 0.503685 1.41176 0.00148504 0.0550783 0.308 5.48782e-34 0
3.13763 -0.248891 1.859 -1.271 0.248891 0.00148504 0.0550783 0.537713 1.18745 0.511913 1.25971 0.500521 1.33466 0.50477 1.41242 0.00143879 0.0544362 0.295 8.7594e-35 0
3.13763 -0.248891 1.859 -1.271 0.248891 0.00148504 0.0550783 0.537713 1.18745 0.511913 1.25971 0.500521 1.33466 0.50477 1.41242 0.00143879 0.0544362 0.286 8.7594e-35 0
3.13763 -0.248891 1.859 -1.271 0.248891 0.00148504 0.0550783 0.537713 1.18745 0.511913 1.25971 0.500521 1.33466 0.50477 1.41242 0.00143879 0.0544362 0.295 8.7594e-35 0
3.13763 -0.248891 1.859 -1.271 0.248891 0.00148504 0.0550783 0.537713 1.18745 0.511913 1.25971 0.500521 1.33466 0.50477 1.41242 0.00143879 0.0544362 0.297 8.7594e-35 0
3.1377 -0.245989 1.859 -1.271 0.245989 0.00143879 0.0544362 0.537902 1.18757 0.5124 1.26004 0.501307 1.33518 0.505841 1.41307 0.00139412 0.0538014 0.313 3.69698e-34 0
3.1377 -0.245989 1.859 -1.271 0.245989 0.00143879 0.0544362 0.537902 1.18757 0.5124 1.26004 0.501307 1.33518 0.505841 1.41307 0.00139412 0.0538014 0.302 3.69698e-34 0
3.1377 -0.245989 1.859 -1.271 0.245989 0.00143879 0.0544362 0.537902 1.18757 0.5124 1.26004 0.501307 1.33518 0.505841 1.41307 0.00139412 0.0538014 0.303 3.69698e-34 0
3.1377 -0.245989 1.859 -1.271 0.245989 0.00143879 0.0544362 0.537902 1.18757 0.5124 1.26004 0.501307 1.33518 0.505841 1.41307 0.00139412 0.0538014 0.306 3.69698e-34 0
3.13777 -0.24312 1.859 -1.271 0.24312 0.00139412 0.0538014 0.538088 1.1877 0.512882 1.26037 0.502082 1.33568 0.506898 1.41371 0.00135062 0.053174 0.294 6.54695e-35 0
3.13777 -0.24312 1.859 -1.271 0.24312 0.00139412 0.0538014 0.538088 1.1877 0.512882 1.26037 0.502082 1.33568 0.506898 1.41371 0.00135062 0.053174 0.293 6.54695e-35 0
3.13777 -0.24312 1.859 -1.271 0.24312 0.00139412 0.0538014 0.538088 1.1877 0.512882 1.26037 0.502082 1.33568 0.506898 1.41371 0.00135062 0.053174 0.285 6.54695e-35 0
3.13777 -0.24312 1.859 -1.271 0.24312 0.00139412 0.0538014 0.538088 1.1877 0.512882 1.26037 0.502082 1.33568 0.506898 1.41371 0.00135062 0.053174 0.301 6.54695e-35 0
3.13784 -0.240286 1.859 -1.271 0.240286 0.00135062 0.053174 0.538273 1.18782 0.513358 1.26069 0.502849 1.33618 0.507943 1.41433 0.00130827 0.0525541 0.303 1.15586e-35 0
3.13784 -0.240286 1.859 -1.271 0.240286 0.00135062 0.053174 0.538273 1.18782 0.513358 1.26069 0.502849 1.33618 0.507943 1.41433 0.00130827 0.0525541 0.303 1.15586e-35 0
3.13784 -0.240286 1.859 -1.271 0.240286 0.00135062 0.053174 0.538273 1.18782 0.513358 1.26069 0.502849 1.33618 0.507943 1.41433 0.00130827 0.0525541 0.302 1.15586e-35 0
3.13784 -0.240286 1.859 -1.271 0.240286 0.00135062 0.053174 0.538273 1.18782 0.513358 1.26069 0.502849 1.33618 0.507943 1.41433 0.00130827 0.0525541 0.471 1.15586e-35 0
3.13784 -0.240286 1.859 -1.271 0.240286 0.00135062 0.053174 0.538273 1.18782 0.513358 1.26069 0.502849 1.33618 0.507943 1.41433 0.00130827 0.0525541 0.304 1.15586e-35 0
3.13791 -0.237483 1.859 -1.271 0.237483 0.00130827 0.0525541 0.538454 1.18794 0.513828 1.261 0.503605 1.33667 0.508974 1.41496 0.00126737 0.0519412 0.304 1.99908e-35 0
3.13791 -0.237483 1.859 -1.271 0.237483 0.00130827 0.0525541 0.538454 1.18794 0.513828 1.261 0.503605 1.33667 0.508974 1.41496 0.00126737 0.0519412 0.303 1.99908e-35 0
3.13791 -0.237483 1.859 -1.271 0.237483 0.00130827 0.0525541 0.538454 1.18794 0.513828 1.261 0.503605 1.33667 0.508974 1.41496 0.00126737 0.0519412 0.296 1.99908e-35 0
3.13791 -0.237483 1.859 -1.271 0.237483 0.00130827 0.0525541 0.538454 1.18794 0.513828 1.261 0.503605 1.33667 0.508974 1.41496 0.00126737 0.0519412 0.311 1.99908e-35 0
3.13797 -0.234714 1.859 -1.271 0.234714 0.00126737 0.0519412 0.538634 1.18806 0.514292 1.26131 0.504353 1.33715 0.509992 1.41557 0.00122834 0.0513355 0.309 4.48593e-31 0
3.13797 -0.234714 1.859 -1.271 0.234714 0.00126737 0.0519412 0.538634 1.18806 0.514292 1.26131 0.504353 1.33715 0.509992 1.41557 0.00122834 0.0513355 0.297 4.48593e-31 0
3.13797 -0.234714 1.859 -1.271 0.234714 0.00126737 0.0519412 0.538634 1.18806 0.514292 1.26131 0.504353 1.33715 0.509992 1.41557 0.00122834 0.0513355 0.298 4.48593e-31 0
3.13797 -0.234714 1.859 -1.271 0.234714 0.00126737 0.0519412 0.538634 1.18806 0.514292 1.26131 0.504353 1.33715 0.509992 1.41557 0.00122834 0.0513355 0.306 4.48593e-31 0
3.13804 -0.231978 1.859 -1.271 0.231978 0.00122834 0.0513355 0.538812 1.18818 0.514751 1.26162 0.505091 1.33762 0.510996 1.41617 0.00118961 0.050737 0.297 9.08941e-35 0
3.13804 -0.231978 1.859 -1.271 0.231978 0.00122834 0.0513355 0.538812 1.18818 0.514751 1.26162 0.505091 1.33762 0.510996 1.41617 0.00118961 0.050737 0.302 9.08941e-35 0
3.13804 -0.231978 1.859 -1.271 0.231978 0.00122834 0.0513355 0.538812 1.18818 0.514751 1.26162 0.505091 1.33762 0.510996 1.41617 0.00118961 0.050737 0.301 9.08941e-35 0
3.13804 -0.231978 1.859 -1.271 0.231978 0.00122834 0.0513355 0.538812 1.18818 0.514751 1.26162 0.505091 1.33762 0.510996 1.41617 0.00118961 0.050737 0.323 9.08941e-35 0
3.1381 -0.229274 1.859 -1.271 0.229274 0.00118961 0.050737 0.538987 1.18829 0.515204 1.26192 0.50582 1.33807 0.511988 1.41676 0.00115217 0.0501457 0.303 4.15132e-34 0
3.1381 -0.229274 1.859 -1.271 0.229274 0.00118961 0.050737 0.538987 1.18829 0.515204 1.26192 0.50582 1.33807 0.511988 1.41676 0.00115217 0.0501457 0.301 4.15132e-34 0
3.1381 -0.229274 1.859 -1.271 0.229274 0.00118961 0.050737 0.538987 1.18829 0.515204 1.26192 0.50582 1.33807 0.511988 1.41676 0.00115217 0.0501457 0.302 4.15132e-34 0
3.1381 -0.229274 1.859 -1.271 0.229274 0.00118961 0.050737 0.538987 1.18829 0.515204 1.26192 0.50582 1.33807 0.511988 1.41676 0.00115217 0.0501457 0.308 4.15132e-34 0
3.13816 -0.226602 1.859 -1.271 0.226602 0.00115217 0.0501457 0.53916 1.18841 0.515652 1.26222 0.50654 1.3385 0.512968 1.41734 0.00111604 0.0495612 0.298 4.77912e-35 0
3.13816 -0.226602 1.859 -1.271 0.226602 0.00115217 0.0501457 0.53916 1.18841 0.515652 1.26222 0.50654 1.3385 0.512968 1.41734 0.00111604 0.0495612 0.302 4.77912e-35 0
3.13816 -0.226602 1.859 -1.271 0.226602 0.00115217 0.0501457 0.53916 1.18841 0.515652 1.26222 0.50654 1.3385 0.512968 1.41734 0.00111604 0.0495612 0.302 4.77912e-35 0
3.13816 -0.226602 1.859 -1.271 0.226602 0.00115217 0.0501457 0.53916 1.18841 0.515652 1.26222 0.50654 1.3385 0.512968 1.41734 0.00111604 0.0495612 0.662 4.77912e-35 0
3.13822 -0.223962 1.859 -1.271 0.223962 0.00111604 0.0495612 0.539331 1.18852 0.516094 1.26251 0.507252 1.33893 0.513935 1.41792 0.00108121 0.0489839 0.314 1.41543e-34 0
3.13822 -0.223962 1.859 -1.271 0.223962 0.00111604 0.0495612 0.539331 1.18852 0.516094 1.26251 0.507252 1.33893 0.513935 1.41792 0.00108121 0.0489839 0.301 1.41543e-34 0
3.13822 -0.223962 1.859 -1.271 0.223962 0.00111604 0.0495612 0.539331 1.18852 0.516094 1.26251 0.507252 1.33893 0.513935 1.41792 0.00108121 0.0489839 0.306 1.41543e-34 0
3.13822 -0.223962 1.859 -1.271 0.223962 0.00111604 0.0495612 0.539331 1.18852 0.516094 1.26251 0.507252 1.33893 0.513935 1.41792 0.00108121 0.0489839 0.303 1.41543e-34 0
3.13822 -0.223962 1.859 -1.271 0.223962 0.00111604 0.0495612 0.539331 1.18852 0.516094 1.26251 0.507252 1.33893 0.513935 1.41792 0.00108121 0.0489839 0.313 1.41543e-34 0
3.13827 -0.221352 1.859 -1.271 0.221352 0.00108121 0.0489839 0.5395 1.18863 0.516531 1.2628 0.507954 1.33936 0.51489 1.41849 0.00104782 0.0484131 0.303 5.24765e-35 0
3.13827 -0.221352 1.859 -1.271 0.221352 0.00108121 0.0489839 0.5395 1.18863 0.516531 1.2628 0.507954 1.33936 0.51489 1.41849 0.00104782 0.0484131 0.301 5.24765e-35 0
3.13827 -0.221352 1.859 -1.271 0.221352 0.00108121 0.0489839 0.5395 1.18863 0.516531 1.2628 0.507954 1.33936 0.51489 1.41849 0.00104782 0.0484131 0.301 5.24765e-35 0
3.13827 -0.221352 1.859 -1.271 0.221352 0.00108121 0.0489839 0.5395 1.18863 0.516531 1.2628 0.507954 1.33936 0.51489 1.41849 0.00104782 0.0484131 0.301 5.24765e-35 0
3.13833 -0.218775 1.859 -1.271 0.218775 0.00104782 0.0484131 0.539667 1.18874 0.516962 1.26309 0.508647 1.33978 0.515832 1.41904 0.00101486 0.0478494 0.304 1.1001e-34 0
3.13833 -0.218775 1.859 -1.271 0.218775 0.00104782 0.0484131 0.539667 1.18874 0.516962 1.26309 0.508647 1.33978 0.515832 1.41904 0.00101486 0.0478494 0.302 1.1001e-34 0
3.13833 -0.218775 1.859 -1.271 0.218775 0.00104782 0.0484131 0.539667 1.18874 0.516962 1.26309 0.508647 1.33978 0.515832 1.41904 0.00101486 0.0478494 0.302 1.1001e-34 0
3.13833 -0.218775 1.859 -1.271 0.218775 0.00104782 0.0484131 0.539667 1.18874 0.516962 1.26309 0.508647 1.33978 0.515832 1.41904 0.00101486 0.0478494 0.307 1.1001e-34 0
3.13838 -0.216229 1.859 -1.271 0.216229 0.00101486 0.0478494 0.539831 1.18885 0.517389 1.26337 0.509331 1.34019 0.516762 1.41959 0.000982487 0.0472925 0.303 1.38542e-34 0
3.13838 -0.216229 1.859 -1.271 0.216229 0.00101486 0.0478494 0.539831 1.18885 0.517389 1.26337 0.509331 1.34019 0.516762 1.41959 0.000982487 0.0472925 0.302 1.38542e-34 0
3.13838 -0.216229 1.859 -1.271 0.216229 0.00101486 0.0478494 0.539831 1.18885 0.517389 1.26337 0.509331 1.34019 0.516762 1.41959 0.000982487 0.0472925 0.301 1.38542e-34 0
3.13838 -0.216229 1.859 -1.271 0.216229 0.00101486 0.0478494 0.539831 1.18885 0.517389 1.26337 0.509331 1.34019 0.516762 1.41959 0.000982487 0.0472925 0.306 1.38542e-34 0
3.13838 -0.216229 1.859 -1.271 0.216229 0.00101486 0.0478494 0.539831 1.18885 0.517389 1.26337 0.509331 1.34019 0.516762 1.41959 0.000982487 0.0472925 0.305 1.38542e-34 0
3.13843 -0.213713 1.859 -1.271 0.213713 0.000982487 0.0472925 0.539994 1.18895 0.51781 1.26365 0.510008 1.3406 0.51768 1.42013 0.000951701 0.0467423 0.304 5.54295e-35 0
3.13843 -0.213713 1.859 -1.271 0.213713 0.000982487 0.0472925 0.539994 1.18895 0.51781 1.26365 0.510008 1.3406 0.51768 1.42013 0.000951701 0.0467423 0.307 5.54295e-35 0
3.13843 -0.213713 1.859 -1.271 0.213713 0.000982487 0.0472925 0.539994 1.18895 0.51781 1.26365 0.510008 1.3406 0.51768 1.42013 0.000951701 0.0467423 0.302 5.54295e-35 0
3.13843 -0.213713 1.859 -1.271 0.213713 0.000982487 0.0472925 0.539994 1.18895 0.51781 1.26365 0.510008 1.3406 0.51768 1.42013 0.000951701 0.0467423 0.306 5.54295e-35 0
3.13848 -0.211228 1.859 -1.271 0.211228 0.000951701 0.0467423 0.540155 1.18906 0.518226 1.26392 0.510675 1.341 0.518586 1.42067 0.000921638 0.0461986 0.304 4.46926e-35 0
3.13848 -0.211228 1.859 -1.271 0.211228 0.000951701 0.0467423 0.540155 1.18906 0.518226 1.26392 0.510675 1.341 0.518586 1.42067 0.000921638 0.0461986 0.301 4.46926e-35 0
3.13848 -0.211228 1.859 -1.271 0.211228 0.000951701 0.0467423 0.540155 1.18906 0.518226 1.26392 0.510675 1.341 0.518586 1.42067 0.000921638 0.0461986 0.301 4.46926e-35 0
3.13848 -0.211228 1.859 -1.271 0.211228 0.000951701 0.0467423 0.540155 1.18906 0.518226 1.26392 0.510675 1.341 0.518586 1.42067 0.000921638 0.0461986 0.306 4.46926e-35 0
3.13853 -0.208772 1.859 -1.271 0.208772 0.000921638 0.0461986 0.540313 1.18916 0.518636 1.26419 0.511334 1.34139 0.519481 1.42119 0.000892297 0.0456616 0.314 5.45122e-33 0
3.13853 -0.208772 1.859 -1.271 0.208772 0.000921638 0.0461986 0.540313 1.18916 0.518636 1.26419 0.511334 1.34139 0.519481 1.42119 0.000892297 0.0456616 0.304 4.57525e-31 0
3.13853 -0.208772 1.859 -1.271 0.208772 0.000921638 0.0461986 0.540313 1.18916 0.518636 1.26419 0.511334 1.34139 0.519481 1.42119 0.000892297 0.0456616 0.304 3.64048e-31 0
3.13853 -0.208772 1.859 -1.271 0.208772 0.000921638 0.0461986 0.540313 1.18916 0.518636 1.26419 0.511334 1.34139 0.519481 1.42119 0.000892297 0.0456616 0.318 5.45122e-33 0
3.13853 -0.208772 1.859 -1.271 0.208772 0.000921638 0.0461986 0.540313 1.18916 0.518636 1.26419 0.511334 1.34139 0.519481 1.42119 0.000892297 0.0456616 0.307 4.57525e-31 0
3.13857 -0.206346 1.859 -1.271 0.206346 0.000892297 0.0456616 0.540465 1.18927 0.519042 1.26445 0.511985 1.34178 0.520364 1.42171 0.000864402 0.0451309 0.304 1.21028e-34 0
3.13857 -0.206346 1.859 -1.271 0.206346 0.000892297 0.0456616 0.540465 1.18927 0.519042 1.26445 0.511985 1.34178 0.520364 1.42171 0.000864402 0.0451309 0.302 1.21028e-34 0
3.13857 -0.206346 1.859 -1.271 0.206346 0.000892297 0.0456616 0.540465 1.18927 0.519042 1.26445 0.511985 1.34178 0.520364 1.42171 0.000864402 0.0451309 0.303 1.21028e-34 0
3.13857 -0.206346 1.859 -1.271 0.206346 0.000892297 0.0456616 0.540465 1.18927 0.519042 1.26445 0.511985 1.34178 0.520364 1.42171 0.000864402 0.0451309 0.31 1.21028e-34 0
3.13862 -0.203949 1.859 -1.271 0.203949 0.000864402 0.0451309 0.54061 1.18937 0.519443 1.26471 0.512628 1.34216 0.521236 1.42222 0.000837374 0.0446067 0.306 2.32482e-34 0
3.13862 -0.203949 1.859 -1.271 0.203949 0.000864402 0.0451309 0.54061 1.18937 0.519443 1.26471 0.512628 1.34216 0.521236 1.42222 0.000837374 0.0446067 0.334 2.32482e-34 0
3.13862 -0.203949 1.859 -1.271 0.203949 0.000864402 0.0451309 0.54061 1.18937 0.519443 1.26471 0.512628 1.34216 0.521236 1.42222 0.000837374 0.0446067 0.311 2.32482e-34 0
3.13862 -0.203949 1.859 -1.271 0.203949 0.000864402 0.0451309 0.54061 1.18937 0.519443 1.26471 0.512628 1.34216 0.521236 1.42222 0.000837374 0.0446067 0.316 2.32482e-34 0
3.13866 -0.201582 1.859 -1.271 0.201582 0.000837374 0.0446067 0.54075 1.18947 0.519838 1.26497 0.513262 1.34254 0.522096 1.42272 0.000810924 0.0440889 0.314 1.03178e-34 0
3.13866 -0.201582 1.859 -1.271 0.201582 0.000837374 0.0446067 0.54075 1.18947 0.519838 1.26497 0.513262 1.34254 0.522096 1.42272 0.000810924 0.0440889 0.302 1.03178e-34 0
3.13866 -0.201582 1.859 -1.271 0.201582 0.000837374 0.0446067 0.54075 1.18947 0.519838 1.26497 0.513262 1.34254 0.522096 1.42272 0.000810924 0.0440889 0.302 1.03178e-34 0
3.13866 -0.201582 1.859 -1.271 0.201582 0.000837374 0.0446067 0.54075 1.18947 0.519838 1.26497 0.513262 1.34254 0.522096 1.42272 0.000810924 0.0440889 0.553 1.03178e-34 0
3.1387 -0.199244 1.859 -1.271 0.199244 0.000810924 0.0440889 0.540884 1.18956 0.520229 1.26522 0.513888 1.34291 0.522944 1.42321 0.000785197 0.0435776 0.303 2.51809e-35 0
3.1387 -0.199244 1.859 -1.271 0.199244 0.000810924 0.0440889 0.540884 1.18956 0.520229 1.26522 0.513888 1.34291 0.522944 1.42321 0.000785197 0.0435776 0.302 2.51809e-35 0
3.1387 -0.199244 1.859 -1.271 0.199244 0.000810924 0.0440889 0.540884 1.18956 0.520229 1.26522 0.513888 1.34291 0.522944 1.42321 0.000785197 0.0435776 0.294 2.51809e-35 0
3.1387 -0.199244 1.859 -1.271 0.199244 0.000810924 0.0440889 0.540884 1.18956 0.520229 1.26522 0.513888 1.34291 0.522944 1.42321 0.000785197 0.0435776 0.301 2.51809e-35 0
3.1387 -0.199244 1.859 -1.271 0.199244 0.000810924 0.0440889 0.540884 1.18956 0.520229 1.26522 0.513888 1.34291 0.522944 1.42321 0.000785197 0.0435776 0.298 2.51809e-35 0
3.13875 -0.196933 1.859 -1.271 0.196933 0.000785197 0.0435776 0.541013 1.18966 0.520614 1.26547 0.514506 1.34327 0.523782 1.4237 0.000760192 0.0430722 0.302 8.52603e-35 0
3.13875 -0.196933 1.859 -1.271 0.196933 0.000785197 0.0435776 0.541013 1.18966 0.520614 1.26547 0.514506 1.34327 0.523782 1.4237 0.000760192 0.0430722 0.293 8.52603e-35 0
3.13875 -0.196933 1.859 -1.271 0.196933 0.000785197 0.0435776 0.541013 1.18966 0.520614 1.26547 0.514506 1.34327 0.523782 1.4237 0.000760192 0.0430722 0.301 8.52603e-35 0
3.13875 -0.196933 1.859 -1.271 0.196933 0.000785197 0.0435776 0.541013 1.18966 0.520614 1.26547 0.514506 1.34327 0.523782 1.4237 0.000760192 0.0430722 0.315 8.52603e-35 0
3.13878 -0.19465 1.859 -1.271 0.19465 0.000760192 0.0430722 0.541136 1.18975 0.520995 1.26572 0.515117 1.34363 0.524609 1.42418 0.000736922 0.042573 0.315 7.67992e-36 0
3.13878 -0.19465 1.859 -1.271 0.19465 0.000760192 0.0430722 0.541136 1.18975 0.520995 1.26572 0.515117 1.34363 0.524609 1.42418 0.000736922 0.042573 0.301 7.67992e-36 0
3.13878 -0.19465 1.859 -1.271 0.19465 0.000760192 0.0430722 0.541136 1.18975 0.520995 1.26572 0.515117 1.34363 0.524609 1.42418 0.000736922 0.042573 0.312 7.67992e-36 0
3.13878 -0.19465 1.859 -1.271 0.19465 0.000760192 0.0430722 0.541136 1.18975 0.520995 1.26572 0.515117 1.34363 0.524609 1.42418 0.000736922 0.042573 0.314 7.67992e-36 0
3.13878 -0.19465 1.859 -1.271 0.19465 0.000760192 0.0430722 0.541136 1.18975 0.520995 1.26572 0.515117 1.34363 0.524609 1.42418 0.000736922 0.042573 0.326 7.67992e-36 0
3.13882 -0.192397 1.859 -1.271 0.192397 0.000736922 0.042573 0.541256 1.18985 0.521371 1.26596 0.515719 1.34399 0.525425 1.42465 0.000713652 0.0420801 0.321 1.34161e-34 0
3.13882 -0.192397 1.859 -1.271 0.192397 0.000736922 0.042573 0.541256 1.18985 0.521371 1.26596 0.515719 1.34399 0.525425 1.42465 0.000713652 0.0420801 0.32 1.34161e-34 0
3.13882 -0.192397 1.859 -1.271 0.192397 0.000736922 0.042573 0.541256 1.18985 0.521371 1.26596 0.515719 1.34399 0.525425 1.42465 0.000713652 0.0420801 0.31 1.34161e-34 0
3.13882 -0.192397 1.859 -1.271 0.192397 0.000736922 0.042573 0.541256 1.18985 0.521371 1.26596 0.515719 1.34399 0.525425 1.42465 0.000713652 0.0420801 0.324 1.34161e-34 0
3.13886 -0.19017 1.859 -1.271 0.19017 0.000713652 0.0420801 0.541374 1.18994 0.521742 1.26619 0.516314 1.34434 0.52623 1.42512 0.000691538 0.041593 0.313 2.77986e-34 0
3.13886 -0.19017 1.859 -1.271 0.19017 0.000713652 0.0420801 0.541374 1.18994 0.521742 1.26619 0.516314 1.34434 0.52623 1.42512 0.000691538 0.041593 0.331 2.77986e-34 0
3.13886 -0.19017 1.859 -1.271 0.19017 0.000713652 0.0420801 0.541374 1.18994 0.521742 1.26619 0.516314 1.34434 0.52623 1.42512 0.000691538 0.041593 0.321 2.77986e-34 0
3.13886 -0.19017 1.859 -1.271 0.19017 0.000713652 0.0420801 0.541374 1.18994 0.521742 1.26619 0.516314 1.34434 0.52623 1.42512 0.000691538 0.041593 0.331 2.77986e-34 0
3.13886 -0.19017 1.859 -1.271 0.19017 0.000713652 0.0420801 0.541374 1.18994 0.521742 1.26619 0.516314 1.34434 0.52623 1.42512 0.000691538 0.041593 0.326 2.77986e-34 0
3.1389 -0.187971 1.859 -1.271 0.187971 0.000691538 0.041593 0.54149 1.19003 0.522109 1.2664 0.516901 1.34468 0.527025 1.42557 0.000669713 0.0411121 0.323 5.23626e-35 0
3.1389 -0.187971 1.859 -1.271 0.187971 0.000691538 0.041593 0.54149 1.19003 0.522109 1.2664 0.516901 1.34468 0.527025 1.42557 0.000669713 0.0411121 0.311 5.23626e-35 0
3.1389 -0.187971 1.859 -1.271 0.187971 0.000691538 0.041593 0.54149 1.19003 0.522109 1.2664 0.516901 1.34468 0.527025 1.42557 0.000669713 0.0411121 0.311 5.23626e-35 0
3.1389 -0.187971 1.859 -1.271 0.187971 0.000691538 0.041593 0.54149 1.19003 0.522109 1.2664 0.516901 1.34468 0.527025 1.42557 0.000669713 0.0411121 0.325 5.23626e-35 0
3.13893 -0.185798 1.859 -1.271 0.185798 0.000669713 0.0411121 0.541605 1.19012 0.522471 1.26661 0.51748 1.34502 0.527809 1.42603 0.000649478 0.0406368 0.324 2.34907e-35 0
3.13893 -0.185798 1.859 -1.271 0.185798 0.000669713 0.0411121 0.541605 1.19012 0.522471 1.26661 0.51748 1.34502 0.527809 1.42603 0.000649478 0.0406368 0.32 2.34907e-35 0
3.13893 -0.185798 1.859 -1.271 0.185798 0.000669713 0.0411121 0.541605 1.19012 0.522471 1.26661 0.51748 1.34502 0.527809 1.42603 0.000649478 0.0406368 0.321 2.34907e-35 0
3.13893 -0.185798 1.859 -1.271 0.185798 0.000669713 0.0411121 0.541605 1.19012 0.522471 1.26661 0.51748 1.34502 0.527809 1.42603 0.000649478 0.0406368 0.31 2.34907e-35 0
3.13893 -0.185798 1.859 -1.271 0.185798 0.000669713 0.0411121 0.541605 1.19012 0.522471 1.26661 0.51748 1.34502 0.527809 1.42603 0.000649478 0.0406368 0.326 2.34907e-35 0
3.13896 -0.183652 1.859 -1.271 0.183652 0.000649478 0.0406368 0.541719 1.19021 0.522828 1.26682 0.518052 1.34535 0.528583 1.42647 0.000629388 0.0401674 0.321 8.20655e-35 0
3.13896 -0.183652 1.859 -1.271 0.183652 0.000649478 0.0406368 0.541719 1.19021 0.522828 1.26682 0.518052 1.34535 0.528583 1.42647 0.000629388 0.0401674 0.323 8.20655e-35 0
3.13896 -0.183652 1.859 -1.271 0.183652 0.000649478 0.0406368 0.541719 1.19021 0.522828 1.26682 0.518052 1.34535 0.528583 1.42647 0.000629388 0.0401674 0.314 8.20655e-35 0
3.13896 -0.183652 1.859 -1.271 0.183652 0.000649478 0.0406368 0.541719 1.19021 0.522828 1.26682 0.518052 1.34535 0.528583 1.42647 0.000629388 0.0401674 0.318 8.20655e-35 0
3.13896 -0.183652 1.859 -1.271 0.183652 0.000649478 0.0406368 0.541719 1.19021 0.522828 1.26682 0.518052 1.34535 0.528583 1.42647 0.000629388 0.0401674 0.316 8.20655e-35 0
3.13899 -0.181534 1.859 -1.271 0.181534 0.000629388 0.0401674 0.541831 1.1903 0.523177 1.26702 0.518616 1.34568 0.529346 1.42691 0.000609297 0.0397042 0.314 3.25769e-35 0
3.13899 -0.181534 1.859 -1.271 0.181534 0.000629388 0.0401674 0.541831 1.1903 0.523177 1.26702 0.518616 1.34568 0.529346 1.42691 0.000609297 0.0397042 0.311 3.25769e-35 0
3.13899 -0.181534 1.859 -1.271 0.181534 0.000629388 0.0401674 0.541831 1.1903 0.523177 1.26702 0.518616 1.34568 0.529346 1.42691 0.000609297 0.0397042 0.32 3.25769e-35 0
3.13899 -0.181534 1.859 -1.271 0.181534 0.000629388 0.0401674 0.541831 1.1903 0.523177 1.26702 0.518616 1.34568 0.529346 1.42691 0.000609297 0.0397042 0.324 3.25769e-35 0
3.13903 -0.179441 1.859 -1.271 0.179441 0.000609297 0.0397042 0.541942 1.19038 0.523519 1.26722 0.519174 1.34601 0.5301 1.42734 0.000590363 0.0392465 0.323 4.50073e-35 0
3.13903 -0.179441 1.859 -1.271 0.179441 0.000609297 0.0397042 0.541942 1.19038 0.523519 1.26722 0.519174 1.34601 0.5301 1.42734 0.000590363 0.0392465 0.315 4.50073e-35 0
3.13903 -0.179441 1.859 -1.271 0.179441 0.000609297 0.0397042 0.541942 1.19038 0.523519 1.26722 0.519174 1.34601 0.5301 1.42734 0.000590363 0.0392465 0.327 4.50073e-35 0
3.13903 -0.179441 1.859 -1.271 0.179441 0.000609297 0.0397042 0.541942 1.19038 0.523519 1.26722 0.519174 1.34601 0.5301 1.42734 0.000590363 0.0392465 0.323 4.50073e-35 0
3.13903 -0.179441 1.859 -1.271 0.179441 0.000609297 0.0397042 0.541942 1.19038 0.523519 1.26722 0.519174 1.34601 0.5301 1.42734 0.000590363 0.0392465 0.335 4.50073e-35 0
3.13906 -0.177375 1.859 -1.271 0.177375 0.000590363 0.0392465 0.542051 1.19047 0.523854 1.26742 0.519724 1.34633 0.530844 1.42776 0.000571574 0.0387946 0.313 4.48749e-31 0
3.13906 -0.177375 1.859 -1.271 0.177375 0.000590363 0.0392465 0.542051 1.19047 0.523854 1.26742 0.519724 1.34633 0.530844 1.42776 0.000571574 0.0387946 0.324 4.48749e-31 0
3.13906 -0.177375 1.859 -1.271 0.177375 0.000590363 0.0392465 0.542051 1.19047 0.523854 1.26742 0.519724 1.34633 0.530844 1.42776 0.000571574 0.0387946 0.312 4.48749e-31 0
3.13906 -0.177375 1.859 -1.271 0.177375 0.000590363 0.0392465 0.542051 1.19047 0.523854 1.26742 0.519724 1.34633 0.530844 1.42776 0.000571574 0.0387946 0.323 4.48749e-31 0
3.13906 -0.177375 1.859 -1.271 0.177375 0.000590363 0.0392465 0.542051 1.19047 0.523854 1.26742 0.519724 1.34633 0.530844 1.42776 0.000571574 0.0387946 0.32 4.48749e-31 0
3.13909 -0.175334 1.859 -1.271 0.175334 0.000571574 0.0387946 0.542159 1.19055 0.524182 1.26761 0.520267 1.34664 0.531578 1.42818 0.000553507 0.0383481 0.324 5.48028e-32 0
3.13909 -0.175334 1.859 -1.271 0.175334 0.000571574 0.0387946 0.542159 1.19055 0.524182 1.26761 0.520267 1.34664 0.531578 1.42818 0.000553507 0.0383481 0.313 5.48028e-32 0
3.13909 -0.175334 1.859 -1.271 0.175334 0.000571574 0.0387946 0.542159 1.19055 0.524182 1.26761 0.520267 1.34664 0.531578 1.42818 0.000553507 0.0383481 0.319 5.48028e-32 0
3.13909 -0.175334 1.859 -1.271 0.175334 0.000571574 0.0387946 0.542159 1.19055 0.524182 1.26761 0.520267 1.34664 0.531578 1.42818 0.000553507 0.0383481 0.317 5.48028e-32 0
3.13909 -0.175334 1.859 -1.271 0.175334 0.000571574 0.0387946 0.542159 1.19055 0.524182 1.26761 0.520267 1.34664 0.531578 1.42818 0.000553507 0.0383481 0.328 5.48028e-32 0
3.13912 -0.17332 1.859 -1.271 0.17332 0.000553507 0.0383481 0.542266 1.19064 0.524503 1.2678 0.520804 1.34695 0.532303 1.42859 0.000535295 0.0379076 0.315 4.1344e-35 0
3.13912 -0.17332 1.859 -1.271 0.17332 0.000553507 0.0383481 0.542266 1.19064 0.524503 1.2678 0.520804 1.34695 0.532303 1.42859 0.000535295 0.0379076 0.313 4.1344e-35 0
3.13912 -0.17332 1.859 -1.271 0.17332 0.000553507 0.0383481 0.542266 1.19064 0.524503 1.2678 0.520804 1.34695 0.532303 1.42859 0.000535295 0.0379076 0.313 4.1344e-35 0
3.13912 -0.17332 1.859 -1.271 0.17332 0.000553507 0.0383481 0.542266 1.19064 0.524503 1.2678 0.520804 1.34695 0.532303 1.42859 0.000535295 0.0379076 0.327 4.1344e-35 0
3.13915 -0.171328 1.859 -1.271 0.171328 0.000535295 0.0379076 0.542372 1.19072 0.524817 1.26799 0.521333 1.34726 0.533018 1.429 0.00051824 0.0374721 0.313 6.40825e-35 0
3.13915 -0.171328 1.859 -1.271 0.171328 0.000535295 0.0379076 0.542372 1.19072 0.524817 1.26799 0.521333 1.34726 0.533018 1.429 0.00051824 0.0374721 0.323 6.40825e-35 0
3.13915 -0.171328 1.859 -1.271 0.171328 0.000535295 0.0379076 0.542372 1.19072 0.524817 1.26799 0.521333 1.34726 0.533018 1.429 0.00051824 0.0374721 0.312 6.40825e-35 0
3.13915 -0.171328 1.859 -1.271 0.171328 0.000535295 0.0379076 0.542372 1.19072 0.524817 1.26799 0.521333 1.34726 0.533018 1.429 0.00051824 0.0374721 0.323 6.40825e-35 0
3.13915 -0.171328 1.859 -1.271 0.171328 0.000535295 0.0379076 0.542372 1.19072 0.524817 1.26799 0.521333 1.34726 0.533018 1.429 0.00051824 0.0374721 0.336 6.40825e-35 0
3.13917 -0.169362 1.859 -1.271 0.169362 0.00051824 0.0374721 0.542477 1.1908 0.525125 1.26818 0.521856 1.34756 0.533724 1.4294 0.000502341 0.0370421 0.313 3.95613e-36 0
3.13917 -0.169362 1.859 -1.271 0.169362 0.00051824 0.0374721 0.542477 1.1908 0.525125 1.26818 0.521856 1.34756 0.533724 1.4294 0.000502341 0.0370421 0.313 3.95613e-36 0
3.13917 -0.169362 1.859 -1.271 0.169362 0.00051824 0.0374721 0.542477 1.1908 0.525125 1.26818 0.521856 1.34756 0.533724 1.4294 0.000502341 0.0370421 0.323 3.95613e-36 0
3.13917 -0.169362 1.859 -1.271 0.169362 0.00051824 0.0374721 0.542477 1.1908 0.525125 1.26818 0.521856 1.34756 0.533724 1.4294 0.000502341 0.0370421 0.312 3.95613e-36 0
3.13917 -0.169362 1.859 -1.271 0.169362 0.00051824 0.0374721 0.542477 1.1908 0.525125 1.26818 0.521856 1.34756 0.533724 1.4294 0.000502341 0.0370421 0.308 3.95613e-36 0
3.1392 -0.167423 1.859 -1.271 0.167423 0.000502341 0.0370421 0.542579 1.19088 0.525426 1.26836 0.522371 1.34785 0.53442 1.4298 0.000486009 0.0366179 0.307 4.48499e-31 0
3.1392 -0.167423 1.859 -1.271 0.167423 0.000502341 0.0370421 0.542579 1.19088 0.525426 1.26836 0.522371 1.34785 0.53442 1.4298 0.000486009 0.0366179 0.305 4.48499e-31 0
3.1392 -0.167423 1.859 -1.271 0.167423 0.000502341 0.0370421 0.542579 1.19088 0.525426 1.26836 0.522371 1.34785 0.53442 1.4298 0.000486009 0.0366179 0.297 4.48499e-31 0
3.1392 -0.167423 1.859 -1.271 0.167423 0.000502341 0.0370421 0.542579 1.19088 0.525426 1.26836 0.522371 1.34785 0.53442 1.4298 0.000486009 0.0366179 0.3 4.48499e-31 0
3.1392 -0.167423 1.859 -1.271 0.167423 0.000502341 0.0370421 0.542579 1.19088 0.525426 1.26836 0.522371 1.34785 0.53442 1.4298 0.000486009 0.0366179 0.291 4.48499e-31 0
3.13922 -0.165507 1.859 -1.271 0.165507 0.000486009 0.0366179 0.542681 1.19096 0.525723 1.26854 0.52288 1.34815 0.535107 1.43018 0.000470399 0.0361988 0.315 1.28275e-36 0
3.13922 -0.165507 1.859 -1.271 0.165507 0.000486009 0.0366179 0.542681 1.19096 0.525723 1.26854 0.52288 1.34815 0.535107 1.43018 0.000470399 0.0361988 0.314 1.28275e-36 0
3.13922 -0.165507 1.859 -1.271 0.165507 0.000486009 0.0366179 0.542681 1.19096 0.525723 1.26854 0.52288 1.34815 0.535107 1.43018 0.000470399 0.0361988 0.303 1.28275e-36 0
3.13922 -0.165507 1.859 -1.271 0.165507 0.000486009 0.0366179 0.542681 1.19096 0.525723 1.26854 0.52288 1.34815 0.535107 1.43018 0.000470399 0.0361988 0.309 1.28275e-36 0
3.13925 -0.163613 1.859 -1.271 0.163613 0.000470399 0.0361988 0.542781 1.19103 0.526017 1.26872 0.523383 1.34843 0.535785 1.43057 0.000455801 0.0357845 0.315 3.46555e-35 0
3.13925 -0.163613 1.859 -1.271 0.163613 0.000470399 0.0361988 0.542781 1.19103 0.526017 1.26872 0.523383 1.34843 0.535785 1.43057 0.000455801 0.0357845 0.304 3.46555e-35 0
3.13925 -0.163613 1.859 -1.271 0.163613 0.000470399 0.0361988 0.542781 1.19103 0.526017 1.26872 0.523383 1.34843 0.535785 1.43057 0.000455801 0.0357845 0.305 3.46555e-35 0
3.13925 -0.163613 1.859 -1.271 0.163613 0.000470399 0.0361988 0.542781 1.19103 0.526017 1.26872 0.523383 1.34843 0.535785 1.43057 0.000455801 0.0357845 0.304 3.46555e-35 0
3.13925 -0.163613 1.859 -1.271 0.163613 0.000470399 0.0361988 0.542781 1.19103 0.526017 1.26872 0.523383 1.34843 0.535785 1.43057 0.000455801 0.0357845 0.321 3.46555e-35 0
3.13927 -0.161744 1.859 -1.271 0.161744 0.000455801 0.0357845 0.54288 1.19111 0.526307 1.2689 0.523879 1.34872 0.536455 1.43094 0.000441347 0.0353759 0.306 3.3857e-35 0
3.13927 -0.161744 1.859 -1.271 0.161744 0.000455801 0.0357845 0.54288 1.19111 0.526307 1.2689 0.523879 1.34872 0.536455 1.43094 0.000441347 0.0353759 0.303 3.3857e-35 0
3.13927 -0.161744 1.859 -1.271 0.161744 0.000455801 0.0357845 0.54288 1.19111 0.526307 1.2689 0.523879 1.34872 0.536455 1.43094 0.000441347 0.0353759 0.303 3.3857e-35 0
3.13927 -0.161744 1.859 -1.271 0.161744 0.000455801 0.0357845 0.54288 1.19111 0.526307 1.2689 0.523879 1.34872 0.536455 1.43094 0.000441347 0.0353759 0.302 3.3857e-35 0
3.13927 -0.161744 1.859 -1.271 0.161744 0.000455801 0.0357845 0.54288 1.19111 0.526307 1.2689 0.523879 1.34872 0.536455 1.43094 0.000441347 0.0353759 0.308 3.3857e-35 0
3.1393 -0.159898 1.859 -1.271 0.159898 0.000441347 0.0353759 0.542978 1.19119 0.526592 1.26907 0.524368 1.349 0.537114 1.43131 0.000427183 0.0349722 0.305 3.27107e-36 0
3.1393 -0.159898 1.859 -1.271 0.159898 0.000441347 0.0353759 0.542978 1.19119 0.526592 1.26907 0.524368 1.349 0.537114 1.43131 0.000427183 0.0349722 0.305 3.27098e-36 0
3.1393 -0.159898 1.859 -1.271 0.159898 0.000441347 0.0353759 0.542978 1.19119 0.526592 1.26907 0.524368 1.349 0.537114 1.43131 0.000427183 0.0349722 0.305 3.27098e-36 0
3.1393 -0.159898 1.859 -1.271 0.159898 0.000441347 0.0353759 0.542978 1.19119 0.526592 1.26907 0.524368 1.349 0.537114 1.43131 0.000427183 0.0349722 0.316 3.27098e-36 0
3.1393 -0.159898 1.859 -1.271 0.159898 0.000441347 0.0353759 0.542978 1.19119 0.526592 1.26907 0.524368 1.349 0.537114 1.43131 0.000427183 0.0349722 0.32 3.27098e-36 0
3.13932 -0.158076 1.859 -1.271 0.158076 0.000427183 0.0349722 0.543074 1.19126 0.526875 1.26924 0.524851 1.34927 0.537766 1.43168 0.000413452 0.0345737 0.305 2.13757e-35 0
3.13932 -0.158076 1.859 -1.271 0.158076 0.000427183 0.0349722 0.543074 1.19126 0.526875 1.26924 0.524851 1.34927 0.537766 1.43168 0.000413452 0.0345737 0.305 2.13757e-35 0
3.13932 -0.158076 1.859 -1.271 0.158076 0.000427183 0.0349722 0.543074 1.19126 0.526875 1.26924 0.524851 1.34927 0.537766 1.43168 0.000413452 0.0345737 0.307 2.13757e-35 0
3.13932 -0.158076 1.859 -1.271 0.158076 0.000427183 0.0349722 0.543074 1.19126 0.526875 1.26924 0.524851 1.34927 0.537766 1.43168 0.000413452 0.0345737 0.331 2.13757e-35 0
3.13934 -0.156276 1.859 -1.271 0.156276 0.000413452 0.0345737 0.54317 1.19133 0.527153 1.26941 0.525328 1.34954 0.538409 1.43204 0.000400299 0.03418 0.307 9.62544e-35 0
3.13934 -0.156276 1.859 -1.271 0.156276 0.000413452 0.0345737 0.54317 1.19133 0.527153 1.26941 0.525328 1.34954 0.538409 1.43204 0.000400299 0.03418 0.304 9.62544e-35 0
3.13934 -0.156276 1.859 -1.271 0.156276 0.000413452 0.0345737 0.54317 1.19133 0.527153 1.26941 0.525328 1.34954 0.538409 1.43204 0.000400299 0.03418 0.303 9.62544e-35 0
3.13934 -0.156276 1.859 -1.271 0.156276 0.000413452 0.0345737 0.54317 1.19133 0.527153 1.26941 0.525328 1.34954 0.538409 1.43204 0.000400299 0.03418 0.304 9.62544e-35 0
3.13934 -0.156276 1.859 -1.271 0.156276 0.000413452 0.0345737 0.54317 1.19133 0.527153 1.26941 0.525328 1.34954 0.538409 1.43204 0.000400299 0.03418 0.321 9.62544e-35 0
3.13936 -0.154499 1.859 -1.271 0.154499 0.000400299 0.03418 0.543264 1.19141 0.527429 1.26957 0.525798 1.34981 0.539043 1.4324 0.000387869 0.0337912 0.305 2.68734e-35 0
3.13936 -0.154499 1.859 -1.271 0.154499 0.000400299 0.03418 0.543264 1.19141 0.527429 1.26957 0.525798 1.34981 0.539043 1.4324 0.000387869 0.0337912 0.304 2.68734e-35 0
3.13936 -0.154499 1.859 -1.271 0.154499 0.000400299 0.03418 0.543264 1.19141 0.527429 1.26957 0.525798 1.34981 0.539043 1.4324 0.000387869 0.0337912 0.303 2.68734e-35 0
3.13936 -0.154499 1.859 -1.271 0.154499 0.000400299 0.03418 0.543264 1.19141 0.527429 1.26957 0.525798 1.34981 0.539043 1.4324 0.000387869 0.0337912 0.302 2.68734e-35 0
3.13936 -0.154499 1.859 -1.271 0.154499 0.000400299 0.03418 0.543264 1.19141 0.527429 1.26957 0.525798 1.34981 0.539043 1.4324 0.000387869 0.0337912 0.329 2.68734e-35 0
3.13938 -0.152744 1.859 -1.271 0.152744 0.000387869 0.0337912 0.543357 1.19148 0.5277 1.26973 0.526262 1.35007 0.539669 1.43275 0.000375584 0.0334075 0.312 1.8305e-36 0
3.13938 -0.152744 1.859 -1.271 0.152744 0.000387869 0.0337912 0.543357 1.19148 0.5277 1.26973 0.526262 1.35007 0.539669 1.43275 0.000375584 0.0334075 0.313 1.8305e-36 0
3.13938 -0.152744 1.859 -1.271 0.152744 0.000387869 0.0337912 0.543357 1.19148 0.5277 1.26973 0.526262 1.35007 0.539669 1.43275 0.000375584 0.0334075 0.302 1.8305e-36 0
3.13938 -0.152744 1.859 -1.271 0.152744 0.000387869 0.0337912 0.543357 1.19148 0.5277 1.26973 0.526262 1.35007 0.539669 1.43275 0.000375584 0.0334075 0.399 1.8305e-36 0
3.13938 -0.152744 1.859 -1.271 0.152744 0.000387869 0.0337912 0.543357 1.19148 0.5277 1.26973 0.526262 1.35007 0.539669 1.43275 0.000375584 0.0334075 0.308 1.8305e-36 0
3.1394 -0.151012 1.859 -1.271 0.151012 0.000375584 0.0334075 0.543448 1.19155 0.527968 1.2699 0.526721 1.35033 0.540287 1.43309 0.000363443 0.0330286 0.309 2.50954e-35 0
3.1394 -0.151012 1.859 -1.271 0.151012 0.000375584 0.0334075 0.543448 1.19155 0.527968 1.2699 0.526721 1.35033 0.540287 1.43309 0.000363443 0.0330286 0.304 2.50954e-35 0
3.1394 -0.151012 1.859 -1.271 0.151012 0.000375584 0.0334075 0.543448 1.19155 0.527968 1.2699 0.526721 1.35033 0.540287 1.43309 0.000363443 0.0330286 0.304 2.50954e-35 0
3.1394 -0.151012 1.859 -1.271 0.151012 0.000375584 0.0334075 0.543448 1.19155 0.527968 1.2699 0.526721 1.35033 0.540287 1.43309 0.000363443 0.0330286 0.317 2.50954e-35 0
3.1394 -0.151012 1.859 -1.271 0.151012 0.000375584 0.0334075 0.543448 1.19155 0.527968 1.2699 0.526721 1.35033 0.540287 1.43309 0.000363443 0.0330286 0.308 2.50954e-35 0
3.13942 -0.149301 1.859 -1.271 0.149301 0.000363443 0.0330286 0.543539 1.19162 0.528233 1.27005 0.527173 1.35059 0.540896 1.43343 0.000351735 0.0326543 0.304 1.32889e-35 0
3.13942 -0.149301 1.859 -1.271 0.149301 0.000363443 0.0330286 0.543539 1.19162 0.528233 1.27005 0.527173 1.35059 0.540896 1.43343 0.000351735 0.0326543 0.303 1.32889e-35 0
3.13942 -0.149301 1.859 -1.271 0.149301 0.000363443 0.0330286 0.543539 1.19162 0.528233 1.27005 0.527173 1.35059 0.540896 1.43343 0.000351735 0.0326543 0.304 1.32889e-35 0
3.13942 -0.149301 1.859 -1.271 0.149301 0.000363443 0.0330286 0.543539 1.19162 0.528233 1.27005 0.527173 1.35059 0.540896 1.43343 0.000351735 0.0326543 0.308 1.32889e-35 0
3.13944 -0.14761 1.859 -1.271 0.14761 0.000351735 0.0326543 0.543628 1.19168 0.528494 1.27021 0.52762 1.35084 0.541498 1.43376 0.000340895 0.0322846 0.305 1.1011e-31 0
3.13944 -0.14761 1.859 -1.271 0.14761 0.000351735 0.0326543 0.543628 1.19168 0.528494 1.27021 0.52762 1.35084 0.541498 1.43376 0.000340895 0.0322846 0.304 1.10127e-31 0
3.13944 -0.14761 1.859 -1.271 0.14761 0.000351735 0.0326543 0.543628 1.19168 0.528494 1.27021 0.52762 1.35084 0.541498 1.43376 0.000340895 0.0322846 0.303 1.1011e-31 0
3.13944 -0.14761 1.859 -1.271 0.14761 0.000351735 0.0326543 0.543628 1.19168 0.528494 1.27021 0.52762 1.35084 0.541498 1.43376 0.000340895 0.0322846 0.304 1.10127e-31 0
3.13944 -0.14761 1.859 -1.271 0.14761 0.000351735 0.0326543 0.543628 1.19168 0.528494 1.27021 0.52762 1.35084 0.541498 1.43376 0.000340895 0.0322846 0.31 1.1011e-31 0
3.13945 -0.145942 1.859 -1.271 0.145942 0.000340895 0.0322846 0.543716 1.19175 0.528752 1.27036 0.52806 1.35109 0.542091 1.43409 0.000330489 0.0319196 0.304 9.38186e-35 0
3.13945 -0.145942 1.859 -1.271 0.145942 0.000340895 0.0322846 0.543716 1.19175 0.528752 1.27036 0.52806 1.35109 0.542091 1.43409 0.000330489 0.0319196 0.304 9.38186e-35 0
3.13945 -0.145942 1.859 -1.271 0.145942 0.000340895 0.0322846 0.543716 1.19175 0.528752 1.27036 0.52806 1.35109 0.542091 1.43409 0.000330489 0.0319196 0.303 9.38186e-35 0
3.13945 -0.145942 1.859 -1.271 0.145942 0.000340895 0.0322846 0.543716 1.19175 0.528752 1.27036 0.52806 1.35109 0.542091 1.43409 0.000330489 0.0319196 0.311 9.38186e-35 0
3.13945 -0.145942 1.859 -1.271 0.145942 0.000340895 0.0322846 0.543716 1.19175 0.528752 1.27036 0.52806 1.35109 0.542091 1.43409 0.000330489 0.0319196 0.318 9.38186e-35 0
3.13947 -0.144294 1.859 -1.271 0.144294 0.000330489 0.0319196 0.543803 1.1918 0.529007 1.27051 0.528495 1.35133 0.542677 1.43442 0.000320227 0.0315594 0.298 2.25398e-35 0
3.13947 -0.144294 1.859 -1.271 0.144294 0.000330489 0.0319196 0.543803 1.1918 0.529007 1.27051 0.528495 1.35133 0.542677 1.43442 0.000320227 0.0315594 0.307 2.25398e-35 0
3.13947 -0.144294 1.859 -1.271 0.144294 0.000330489 0.0319196 0.543803 1.1918 0.529007 1.27051 0.528495 1.35133 0.542677 1.43442 0.000320227 0.0315594 0.298 2.25398e-35 0
3.13947 -0.144294 1.859 -1.271 0.144294 0.000330489 0.0319196 0.543803 1.1918 0.529007 1.27051 0.528495 1.35133 0.542677 1.43442 0.000320227 0.0315594 0.303 2.25398e-35 0
3.13947 -0.144294 1.859 -1.271 0.144294 0.000330489 0.0319196 0.543803 1.1918 0.529007 1.27051 0.528495 1.35133 0.542677 1.43442 0.000320227 0.0315594 0.3 2.25398e-35 0
3.13949 -0.142668 1.859 -1.271 0.142668 0.000320227 0.0315594 0.543889 1.19186 0.529258 1.27066 0.528924 1.35157 0.543254 1.43474 0.000310109 0.0312036 0.288 4.44574e-35 0
3.13949 -0.142668 1.859 -1.271 0.142668 0.000320227 0.0315594 0.543889 1.19186 0.529258 1.27066 0.528924 1.35157 0.543254 1.43474 0.000310109 0.0312036 0.286 6.46337e-34 0
3.13949 -0.142668 1.859 -1.271 0.142668 0.000320227 0.0315594 0.543889 1.19186 0.529258 1.27066 0.528924 1.35157 0.543254 1.43474 0.000310109 0.0312036 0.296 7.38651e-35 0
3.13949 -0.142668 1.859 -1.271 0.142668 0.000320227 0.0315594 0.543889 1.19186 0.529258 1.27066 0.528924 1.35157 0.543254 1.43474 0.000310109 0.0312036 0.319 4.44574e-35 0
3.13949 -0.142668 1.859 -1.271 0.142668 0.000320227 0.0315594 0.543889 1.19186 0.529258 1.27066 0.528924 1.35157 0.543254 1.43474 0.000310109 0.0312036 0.299 6.46337e-34 0
3.1395 -0.141061 1.859 -1.271 0.141061 0.000310109 0.0312036 0.543974 1.19191 0.529506 1.27081 0.529347 1.35181 0.543824 1.43505 0.00030057 0.0308521 0.291 5.87239e-36 0
3.1395 -0.141061 1.859 -1.271 0.141061 0.000310109 0.0312036 0.543974 1.19191 0.529506 1.27081 0.529347 1.35181 0.543824 1.43505 0.00030057 0.0308521 0.292 5.87239e-36 0
3.1395 -0.141061 1.859 -1.271 0.141061 0.000310109 0.0312036 0.543974 1.19191 0.529506 1.27081 0.529347 1.35181 0.543824 1.43505 0.00030057 0.0308521 0.293 5.87239e-36 0
3.1395 -0.141061 1.859 -1.271 0.141061 0.000310109 0.0312036 0.543974 1.19191 0.529506 1.27081 0.529347 1.35181 0.543824 1.43505 0.00030057 0.0308521 0.299 5.87239e-36 0
3.13952 -0.139473 1.859 -1.271 0.139473 0.00030057 0.0308521 0.544058 1.19195 0.529751 1.27095 0.529766 1.35204 0.544387 1.43537 0.00029132 0.0305049 0.297 2.05432e-37 0
3.13952 -0.139473 1.859 -1.271 0.139473 0.00030057 0.0308521 0.544058 1.19195 0.529751 1.27095 0.529766 1.35204 0.544387 1.43537 0.00029132 0.0305049 0.304 2.05432e-37 0
3.13952 -0.139473 1.859 -1.271 0.139473 0.00030057 0.0308521 0.544058 1.19195 0.529751 1.27095 0.529766 1.35204 0.544387 1.43537 0.00029132 0.0305049 0.287 2.05432e-37 0
3.13952 -0.139473 1.859 -1.271 0.139473 0.00030057 0.0308521 0.544058 1.19195 0.529751 1.27095 0.529766 1.35204 0.544387 1.43537 0.00029132 0.0305049 0.289 2.05432e-37 0
3.13952 -0.139473 1.859 -1.271 0.139473 0.00030057 0.0308521 0.544058 1.19195 0.529751 1.27095 0.529766 1.35204 0.544387 1.43537 0.00029132 0.0305049 0.302 2.05432e-37 0
3.13953 -0.137906 1.859 -1.271 0.137906 0.00029132 0.0305049 0.54414 1.192 0.529993 1.2711 0.530178 1.35227 0.544942 1.43567 0.000282792 0.0301621 0.29 6.01607e-33 0
3.13953 -0.137906 1.859 -1.271 0.137906 0.00029132 0.0305049 0.54414 1.192 0.529993 1.2711 0.530178 1.35227 0.544942 1.43567 0.000282792 0.0301621 0.299 5.15004e-31 0
3.13953 -0.137906 1.859 -1.271 0.137906 0.00029132 0.0305049 0.54414 1.192 0.529993 1.2711 0.530178 1.35227 0.544942 1.43567 0.000282792 0.0301621 0.292 4.10269e-31 0
3.13953 -0.137906 1.859 -1.271 0.137906 0.00029132 0.0305049 0.54414 1.192 0.529993 1.2711 0.530178 1.35227 0.544942 1.43567 0.000282792 0.0301621 0.283 6.01607e-33 0
3.13953 -0.137906 1.859 -1.271 0.137906 0.00029132 0.0305049 0.54414 1.192 0.529993 1.2711 0.530178 1.35227 0.544942 1.43567 0.000282792 0.0301621 0.291 5.15004e-31 0
3.13955 -0.136359 1.859 -1.271 0.136359 0.000282792 0.0301621 0.544221 1.19205 0.530231 1.27124 0.530585 1.3525 0.54549 1.43597 0.000273831 0.0298237 0.28 2.40575e-35 0
3.13955 -0.136359 1.859 -1.271 0.136359 0.000282792 0.0301621 0.544221 1.19205 0.530231 1.27124 0.530585 1.3525 0.54549 1.43597 0.000273831 0.0298237 0.278 2.40575e-35 0
3.13955 -0.136359 1.859 -1.271 0.136359 0.000282792 0.0301621 0.544221 1.19205 0.530231 1.27124 0.530585 1.3525 0.54549 1.43597 0.000273831 0.0298237 0.279 2.40575e-35 0
3.13955 -0.136359 1.859 -1.271 0.136359 0.000282792 0.0301621 0.544221 1.19205 0.530231 1.27124 0.530585 1.3525 0.54549 1.43597 0.000273831 0.0298237 0.284 2.40575e-35 0
3.13956 -0.134832 1.859 -1.271 0.134832 0.000273831 0.0298237 0.544302 1.19209 0.530467 1.27138 0.530987 1.35273 0.546031 1.43627 0.000265159 0.0294898 0.29 1.00966e-35 0
3.13956 -0.134832 1.859 -1.271 0.134832 0.000273831 0.0298237 0.544302 1.19209 0.530467 1.27138 0.530987 1.35273 0.546031 1.43627 0.000265159 0.0294898 0.288 1.00966e-35 0
3.13956 -0.134832 1.859 -1.271 0.134832 0.000273831 0.0298237 0.544302 1.19209 0.530467 1.27138 0.530987 1.35273 0.546031 1.43627 0.000265159 0.0294898 0.28 1.00966e-35 0
3.13956 -0.134832 1.859 -1.271 0.134832 0.000273831 0.0298237 0.544302 1.19209 0.530467 1.27138 0.530987 1.35273 0.546031 1.43627 0.000265159 0.0294898 0.284 1.00966e-35 0
3.13956 -0.134832 1.859 -1.271 0.134832 0.000273831 0.0298237 0.544302 1.19209 0.530467 1.27138 0.530987 1.35273 0.546031 1.43627 0.000265159 0.0294898 0.283 1.00966e-35 0
3.13958 -0.133322 1.859 -1.271 0.133322 0.000265159 0.0294898 0.544382 1.19214 0.5307 1.27151 0.531385 1.35295 0.546565 1.43656 0.000257209 0.0291596 0.301 6.78853e-36 0
3.13958 -0.133322 1.859 -1.271 0.133322 0.000265159 0.0294898 0.544382 1.19214 0.5307 1.27151 0.531385 1.35295 0.546565 1.43656 0.000257209 0.0291596 0.29 6.78853e-36 0
3.13958 -0.133322 1.859 -1.271 0.133322 0.000265159 0.0294898 0.544382 1.19214 0.5307 1.27151 0.531385 1.35295 0.546565 1.43656 0.000257209 0.0291596 0.28 6.78853e-36 0
3.13958 -0.133322 1.859 -1.271 0.133322 0.000265159 0.0294898 0.544382 1.19214 0.5307 1.27151 0.531385 1.35295 0.546565 1.43656 0.000257209 0.0291596 0.28 6.78853e-36 0
3.13958 -0.133322 1.859 -1.271 0.133322 0.000265159 0.0294898 0.544382 1.19214 0.5307 1.27151 0.531385 1.35295 0.546565 1.43656 0.000257209 0.0291596 0.284 6.78853e-36 0
3.13959 -0.131833 1.859 -1.271 0.131833 0.000257209 0.0291596 0.54446 1.19218 0.53093 1.27165 0.531776 1.35316 0.547092 1.43685 0.000248826 0.0288339 0.279 8.41559e-35 0
3.13959 -0.131833 1.859 -1.271 0.131833 0.000257209 0.0291596 0.54446 1.19218 0.53093 1.27165 0.531776 1.35316 0.547092 1.43685 0.000248826 0.0288339 0.279 8.41559e-35 0
3.13959 -0.131833 1.859 -1.271 0.131833 0.000257209 0.0291596 0.54446 1.19218 0.53093 1.27165 0.531776 1.35316 0.547092 1.43685 0.000248826 0.0288339 0.279 8.41559e-35 0
3.13959 -0.131833 1.859 -1.271 0.131833 0.000257209 0.0291596 0.54446 1.19218 0.53093 1.27165 0.531776 1.35316 0.547092 1.43685 0.000248826 0.0288339 0.293 8.41559e-35 0
3.1396 -0.130362 1.859 -1.271 0.130362 0.000248826 0.0288339 0.544538 1.19223 0.531156 1.27178 0.532163 1.35338 0.547612 1.43714 0.000240877 0.0285122 0.28 1.51869e-35 0
3.1396 -0.130362 1.859 -1.271 0.130362 0.000248826 0.0288339 0.544538 1.19223 0.531156 1.27178 0.532163 1.35338 0.547612 1.43714 0.000240877 0.0285122 0.281 1.51869e-35 0
3.1396 -0.130362 1.859 -1.271 0.130362 0.000248826 0.0288339 0.544538 1.19223 0.531156 1.27178 0.532163 1.35338 0.547612 1.43714 0.000240877 0.0285122 0.28 1.51869e-35 0
3.1396 -0.130362 1.859 -1.271 0.130362 0.000248826 0.0288339 0.544538 1.19223 0.531156 1.27178 0.532163 1.35338 0.547612 1.43714 0.000240877 0.0285122 0.288 1.51869e-35 0
3.1396 -0.130362 1.859 -1.271 0.130362 0.000248826 0.0288339 0.544538 1.19223 0.531156 1.27178 0.532163 1.35338 0.547612 1.43714 0.000240877 0.0285122 0.283 1.51869e-35 0
3.13962 -0.128909 1.859 -1.271 0.128909 0.000240877 0.0285122 0.544615 1.19227 0.531381 1.27191 0.532545 1.35359 0.548125 1.43742 0.000233361 0.0281943 0.278 1.00993e-35 0
3.13962 -0.128909 1.859 -1.271 0.128909 0.000240877 0.0285122 0.544615 1.19227 0.531381 1.27191 0.532545 1.35359 0.548125 1.43742 0.000233361 0.0281943 0.279 1.00993e-35 0
3.13962 -0.128909 1.859 -1.271 0.128909 0.000240877 0.0285122 0.544615 1.19227 0.531381 1.27191 0.532545 1.35359 0.548125 1.43742 0.000233361 0.0281943 0.278 1.00993e-35 0
3.13962 -0.128909 1.859 -1.271 0.128909 0.000240877 0.0285122 0.544615 1.19227 0.531381 1.27191 0.532545 1.35359 0.548125 1.43742 0.000233361 0.0281943 0.282 1.00993e-35 0
3.13962 -0.128909 1.859 -1.271 0.128909 0.000240877 0.0285122 0.544615 1.19227 0.531381 1.27191 0.532545 1.35359 0.548125 1.43742 0.000233361 0.0281943 0.288 1.00993e-35 0
3.13963 -0.127476 1.859 -1.271 0.127476 0.000233361 0.0281943 0.54469 1.19231 0.531602 1.27204 0.532921 1.3538 0.548632 1.4377 0.000224689 0.027881 0.279 1.83659e-35 0
3.13963 -0.127476 1.859 -1.271 0.127476 0.000233361 0.0281943 0.54469 1.19231 0.531602 1.27204 0.532921 1.3538 0.548632 1.4377 0.000224689 0.027881 0.28 1.83659e-35 0
3.13963 -0.127476 1.859 -1.271 0.127476 0.000233361 0.0281943 0.54469 1.19231 0.531602 1.27204 0.532921 1.3538 0.548632 1.4377 0.000224689 0.027881 0.287 1.83659e-35 0
3.13963 -0.127476 1.859 -1.271 0.127476 0.000233361 0.0281943 0.54469 1.19231 0.531602 1.27204 0.532921 1.3538 0.548632 1.4377 0.000224689 0.027881 0.282 1.83659e-35 0
3.13964 -0.126063 1.859 -1.271 0.126063 0.000224689 0.027881 0.544766 1.19236 0.531821 1.27217 0.533292 1.354 0.549133 1.43797 0.000216017 0.0275718 0.28 6.43252e-35 0
3.13964 -0.126063 1.859 -1.271 0.126063 0.000224689 0.027881 0.544766 1.19236 0.531821 1.27217 0.533292 1.354 0.549133 1.43797 0.000216017 0.0275718 0.279 6.43252e-35 0
3.13964 -0.126063 1.859 -1.271 0.126063 0.000224689 0.027881 0.544766 1.19236 0.531821 1.27217 0.533292 1.354 0.549133 1.43797 0.000216017 0.0275718 0.281 6.43252e-35 0
3.13964 -0.126063 1.859 -1.271 0.126063 0.000224689 0.027881 0.544766 1.19236 0.531821 1.27217 0.533292 1.354 0.549133 1.43797 0.000216017 0.0275718 0.286 6.43252e-35 0
3.13964 -0.126063 1.859 -1.271 0.126063 0.000224689 0.027881 0.544766 1.19236 0.531821 1.27217 0.533292 1.354 0.549133 1.43797 0.000216017 0.0275718 0.283 6.43252e-35 0
3.13966 -0.124664 1.859 -1.271 0.124664 0.000216017 0.0275718 0.544841 1.1924 0.532038 1.2723 0.533657 1.35421 0.549627 1.43824 0.000209079 0.027266 0.279 1.18222e-36 0
3.13966 -0.124664 1.859 -1.271 0.124664 0.000216017 0.0275718 0.544841 1.1924 0.532038 1.2723 0.533657 1.35421 0.549627 1.43824 0.000209079 0.027266 0.279 1.18222e-36 0
3.13966 -0.124664 1.859 -1.271 0.124664 0.000216017 0.0275718 0.544841 1.1924 0.532038 1.2723 0.533657 1.35421 0.549627 1.43824 0.000209079 0.027266 0.284 1.18222e-36 0
3.13966 -0.124664 1.859 -1.271 0.124664 0.000216017 0.0275718 0.544841 1.1924 0.532038 1.2723 0.533657 1.35421 0.549627 1.43824 0.000209079 0.027266 0.279 1.18222e-36 0
3.13966 -0.124664 1.859 -1.271 0.124664 0.000216017 0.0275718 0.544841 1.1924 0.532038 1.2723 0.533657 1.35421 0.549627 1.43824 0.000209079 0.027266 0.29 1.18222e-36 0
3.13967 -0.123283 1.859 -1.271 0.123283 0.000209079 0.027266 0.544914 1.19244 0.532252 1.27242 0.534016 1.35441 0.550115 1.4385 0.000202141 0.0269638 0.281 2.10509e-37 0
3.13967 -0.123283 1.859 -1.271 0.123283 0.000209079 0.027266 0.544914 1.19244 0.532252 1.27242 0.534016 1.35441 0.550115 1.4385 0.000202141 0.0269638 0.281 2.10509e-37 0
3.13967 -0.123283 1.859 -1.271 0.123283 0.000209079 0.027266 0.544914 1.19244 0.532252 1.27242 0.534016 1.35441 0.550115 1.4385 0.000202141 0.0269638 0.278 2.10509e-37 0
3.13967 -0.123283 1.859 -1.271 0.123283 0.000209079 0.027266 0.544914 1.19244 0.532252 1.27242 0.534016 1.35441 0.550115 1.4385 0.000202141 0.0269638 0.29 2.10509e-37 0
3.13968 -0.121918 1.859 -1.271 0.121918 0.000202141 0.0269638 0.544986 1.19248 0.532462 1.27254 0.534369 1.3546 0.550596 1.43876 0.000196071 0.0266653 0.282 5.38292e-33 0
3.13968 -0.121918 1.859 -1.271 0.121918 0.000202141 0.0269638 0.544986 1.19248 0.532462 1.27254 0.534369 1.3546 0.550596 1.43876 0.000196071 0.0266653 0.286 4.57565e-31 0
3.13968 -0.121918 1.859 -1.271 0.121918 0.000202141 0.0269638 0.544986 1.19248 0.532462 1.27254 0.534369 1.3546 0.550596 1.43876 0.000196071 0.0266653 0.28 3.6397e-31 0
3.13968 -0.121918 1.859 -1.271 0.121918 0.000202141 0.0269638 0.544986 1.19248 0.532462 1.27254 0.534369 1.3546 0.550596 1.43876 0.000196071 0.0266653 0.281 5.38774e-33 0
3.13968 -0.121918 1.859 -1.271 0.121918 0.000202141 0.0269638 0.544986 1.19248 0.532462 1.27254 0.534369 1.3546 0.550596 1.43876 0.000196071 0.0266653 0.283 4.57565e-31 0
3.13969 -0.12057 1.859 -1.271 0.12057 0.000196071 0.0266653 0.545058 1.19252 0.53267 1.27266 0.534716 1.3548 0.551071 1.43902 0.000190289 0.0263704 0.287 1.31182e-35 0
3.13969 -0.12057 1.859 -1.271 0.12057 0.000196071 0.0266653 0.545058 1.19252 0.53267 1.27266 0.534716 1.3548 0.551071 1.43902 0.000190289 0.0263704 0.278 1.31182e-35 0
3.13969 -0.12057 1.859 -1.271 0.12057 0.000196071 0.0266653 0.545058 1.19252 0.53267 1.27266 0.534716 1.3548 0.551071 1.43902 0.000190289 0.0263704 0.286 1.31182e-35 0
3.13969 -0.12057 1.859 -1.271 0.12057 0.000196071 0.0266653 0.545058 1.19252 0.53267 1.27266 0.534716 1.3548 0.551071 1.43902 0.000190289 0.0263704 0.278 1.31182e-35 0
3.13969 -0.12057 1.859 -1.271 0.12057 0.000196071 0.0266653 0.545058 1.19252 0.53267 1.27266 0.534716 1.3548 0.551071 1.43902 0.000190289 0.0263704 0.291 1.31182e-35 0
3.1397 -0.119239 1.859 -1.271 0.119239 0.000190289 0.0263704 0.545128 1.19256 0.532875 1.27278 0.535057 1.35499 0.551539 1.43928 0.000184508 0.0260793 0.28 3.2043e-35 0
3.1397 -0.119239 1.859 -1.271 0.119239 0.000190289 0.0263704 0.545128 1.19256 0.532875 1.27278 0.535057 1.35499 0.551539 1.43928 0.000184508 0.0260793 0.29 3.2043e-35 0
3.1397 -0.119239 1.859 -1.271 0.119239 0.000190289 0.0263704 0.545128 1.19256 0.532875 1.27278 0.535057 1.35499 0.551539 1.43928 0.000184508 0.0260793 0.279 3.2043e-35 0
3.1397 -0.119239 1.859 -1.271 0.119239 0.000190289 0.0263704 0.545128 1.19256 0.532875 1.27278 0.535057 1.35499 0.551539 1.43928 0.000184508 0.0260793 0.294 3.2043e-35 0
3.13971 -0.117924 1.859 -1.271 0.117924 0.000184508 0.0260793 0.545197 1.1926 0.533077 1.2729 0.535392 1.35518 0.552001 1.43953 0.000178582 0.0257917 0.28 7.78605e-36 0
3.13971 -0.117924 1.859 -1.271 0.117924 0.000184508 0.0260793 0.545197 1.1926 0.533077 1.2729 0.535392 1.35518 0.552001 1.43953 0.000178582 0.0257917 0.296 7.78605e-36 0
3.13971 -0.117924 1.859 -1.271 0.117924 0.000184508 0.0260793 0.545197 1.1926 0.533077 1.2729 0.535392 1.35518 0.552001 1.43953 0.000178582 0.0257917 0.279 7.78605e-36 0
3.13971 -0.117924 1.859 -1.271 0.117924 0.000184508 0.0260793 0.545197 1.1926 0.533077 1.2729 0.535392 1.35518 0.552001 1.43953 0.000178582 0.0257917 0.281 7.78605e-36 0
3.13971 -0.117924 1.859 -1.271 0.117924 0.000184508 0.0260793 0.545197 1.1926 0.533077 1.2729 0.535392 1.35518 0.552001 1.43953 0.000178582 0.0257917 0.284 7.78605e-36 0
3.13971 -0.116626 1.859 -1.271 0.116626 0.000178582 0.0257917 0.545265 1.19264 0.533277 1.27301 0.535723 1.35536 0.552457 1.43977 0.000172801 0.0255079 0.28 7.90608e-35 0
3.13971 -0.116626 1.859 -1.271 0.116626 0.000178582 0.0257917 0.545265 1.19264 0.533277 1.27301 0.535723 1.35536 0.552457 1.43977 0.000172801 0.0255079 0.278 7.90608e-35 0
3.13971 -0.116626 1.859 -1.271 0.116626 0.000178582 0.0257917 0.545265 1.19264 0.533277 1.27301 0.535723 1.35536 0.552457 1.43977 0.000172801 0.0255079 0.287 7.90608e-35 0
3.13971 -0.116626 1.859 -1.271 0.116626 0.000178582 0.0257917 0.545265 1.19264 0.533277 1.27301 0.535723 1.35536 0.552457 1.43977 0.000172801 0.0255079 0.269 7.90608e-35 0
3.13971 -0.116626 1.859 -1.271 0.116626 0.000178582 0.0257917 0.545265 1.19264 0.533277 1.27301 0.535723 1.35536 0.552457 1.43977 0.000172801 0.0255079 0.283 7.90608e-35 0
3.13972 -0.115344 1.859 -1.271 0.115344 0.000172801 0.0255079 0.545333 1.19267 0.533474 1.27313 0.536049 1.35555 0.552908 1.44002 0.000167164 0.0252274 0.281 2.30477e-35 0
3.13972 -0.115344 1.859 -1.271 0.115344 0.000172801 0.0255079 0.545333 1.19267 0.533474 1.27313 0.536049 1.35555 0.552908 1.44002 0.000167164 0.0252274 0.287 2.30477e-35 0
3.13972 -0.115344 1.859 -1.271 0.115344 0.000172801 0.0255079 0.545333 1.19267 0.533474 1.27313 0.536049 1.35555 0.552908 1.44002 0.000167164 0.0252274 0.278 2.30477e-35 0
3.13972 -0.115344 1.859 -1.271 0.115344 0.000172801 0.0255079 0.545333 1.19267 0.533474 1.27313 0.536049 1.35555 0.552908 1.44002 0.000167164 0.0252274 0.281 2.30477e-35 0
3.13972 -0.115344 1.859 -1.271 0.115344 0.000172801 0.0255079 0.545333 1.19267 0.533474 1.27313 0.536049 1.35555 0.552908 1.44002 0.000167164 0.0252274 0.281 2.30477e-35 0
3.13973 -0.114077 1.859 -1.271 0.114077 0.000167164 0.0252274 0.5454 1.19271 0.533669 1.27324 0.536369 1.35573 0.553353 1.44026 0.000161238 0.0249504 0.28 4.12348e-35 0
3.13973 -0.114077 1.859 -1.271 0.114077 0.000167164 0.0252274 0.5454 1.19271 0.533669 1.27324 0.536369 1.35573 0.553353 1.44026 0.000161238 0.0249504 0.28 4.12348e-35 0
3.13973 -0.114077 1.859 -1.271 0.114077 0.000167164 0.0252274 0.5454 1.19271 0.533669 1.27324 0.536369 1.35573 0.553353 1.44026 0.000161238 0.0249504 0.296 4.12348e-35 0
3.13973 -0.114077 1.859 -1.271 0.114077 0.000167164 0.0252274 0.5454 1.19271 0.533669 1.27324 0.536369 1.35573 0.553353 1.44026 0.000161238 0.0249504 0.293 4.12348e-35 0
3.13974 -0.112827 1.859 -1.271 0.112827 0.000161238 0.0249504 0.545466 1.19275 0.533862 1.27335 0.536685 1.35591 0.553793 1.44049 0.000155312 0.024677 0.299 8.1474e-37 0
3.13974 -0.112827 1.859 -1.271 0.112827 0.000161238 0.0249504 0.545466 1.19275 0.533862 1.27335 0.536685 1.35591 0.553793 1.44049 0.000155312 0.024677 0.292 8.1474e-37 0
3.13974 -0.112827 1.859 -1.271 0.112827 0.000161238 0.0249504 0.545466 1.19275 0.533862 1.27335 0.536685 1.35591 0.553793 1.44049 0.000155312 0.024677 0.286 8.1474e-37 0
3.13974 -0.112827 1.859 -1.271 0.112827 0.000161238 0.0249504 0.545466 1.19275 0.533862 1.27335 0.536685 1.35591 0.553793 1.44049 0.000155312 0.024677 0.284 8.1474e-37 0
3.13974 -0.112827 1.859 -1.271 0.112827 0.000161238 0.0249504 0.545466 1.19275 0.533862 1.27335 0.536685 1.35591 0.553793 1.44049 0.000155312 0.024677 0.299 8.1474e-37 0
3.13975 -0.111593 1.859 -1.271 0.111593 0.000155312 0.024677 0.545532 1.19279 0.534053 1.27346 0.536997 1.35608 0.554227 1.44073 0.00014953 0.024407 0.286 2.03378e-37 0
3.13975 -0.111593 1.859 -1.271 0.111593 0.000155312 0.024677 0.545532 1.19279 0.534053 1.27346 0.536997 1.35608 0.554227 1.44073 0.00014953 0.024407 0.286 2.03378e-37 0
3.13975 -0.111593 1.859 -1.271 0.111593 0.000155312 0.024677 0.545532 1.19279 0.534053 1.27346 0.536997 1.35608 0.554227 1.44073 0.00014953 0.024407 0.286 2.03378e-37 0
3.13975 -0.111593 1.859 -1.271 0.111593 0.000155312 0.024677 0.545532 1.19279 0.534053 1.27346 0.536997 1.35608 0.554227 1.44073 0.00014953 0.024407 0.287 2.03378e-37 0
3.13975 -0.111593 1.859 -1.271 0.111593 0.000155312 0.024677 0.545532 1.19279 0.534053 1.27346 0.536997 1.35608 0.554227 1.44073 0.00014953 0.024407 0.298 2.03378e-37 0
3.13976 -0.110374 1.859 -1.271 0.110374 0.00014953 0.024407 0.545597 1.19282 0.534242 1.27357 0.537304 1.35626 0.554656 1.44096 0.000143749 0.0241403 0.288 1.83211e-35 0
3.13976 -0.110374 1.859 -1.271 0.110374 0.00014953 0.024407 0.545597 1.19282 0.534242 1.27357 0.537304 1.35626 0.554656 1.44096 0.000143749 0.0241403 0.287 1.83211e-35 0
3.13976 -0.110374 1.859 -1.271 0.110374 0.00014953 0.024407 0.545597 1.19282 0.534242 1.27357 0.537304 1.35626 0.554656 1.44096 0.000143749 0.0241403 0.294 1.83211e-35 0
3.13976 -0.110374 1.859 -1.271 0.110374 0.00014953 0.024407 0.545597 1.19282 0.534242 1.27357 0.537304 1.35626 0.554656 1.44096 0.000143749 0.0241403 0.288 1.83211e-35 0
3.13976 -0.110374 1.859 -1.271 0.110374 0.00014953 0.024407 0.545597 1.19282 0.534242 1.27357 0.537304 1.35626 0.554656 1.44096 0.000143749 0.0241403 0.301 1.83211e-35 0
3.13977 -0.109166 1.859 -1.271 0.109166 0.000143749 0.0241403 0.545661 1.19286 0.534428 1.27368 0.537608 1.35643 0.55508 1.44118 0.000139558 0.0238762 0.296 3.44192e-35 0
3.13977 -0.109166 1.859 -1.271 0.109166 0.000143749 0.0241403 0.545661 1.19286 0.534428 1.27368 0.537608 1.35643 0.55508 1.44118 0.000139558 0.0238762 0.294 3.44192e-35 0
3.13977 -0.109166 1.859 -1.271 0.109166 0.000143749 0.0241403 0.545661 1.19286 0.534428 1.27368 0.537608 1.35643 0.55508 1.44118 0.000139558 0.0238762 0.286 3.44192e-35 0
3.13977 -0.109166 1.859 -1.271 0.109166 0.000143749 0.0241403 0.545661 1.19286 0.534428 1.27368 0.537608 1.35643 0.55508 1.44118 0.000139558 0.0238762 0.298 3.44192e-35 0
3.13977 -0.109166 1.859 -1.271 0.109166 0.000143749 0.0241403 0.545661 1.19286 0.534428 1.27368 0.537608 1.35643 0.55508 1.44118 0.000139558 0.0238762 0.308 3.44192e-35 0
3.13978 -0.107975 1.859 -1.271 0.107975 0.000139558 0.0238762 0.545724 1.19289 0.534612 1.27378 0.537907 1.3566 0.555498 1.44141 0.000135221 0.0236157 0.287 2.7617e-35 0
3.13978 -0.107975 1.859 -1.271 0.107975 0.000139558 0.0238762 0.545724 1.19289 0.534612 1.27378 0.537907 1.3566 0.555498 1.44141 0.000135221 0.0236157 0.277 2.7617e-35 0
3.13978 -0.107975 1.859 -1.271 0.107975 0.000139558 0.0238762 0.545724 1.19289 0.534612 1.27378 0.537907 1.3566 0.555498 1.44141 0.000135221 0.0236157 0.286 2.7617e-35 0
3.13978 -0.107975 1.859 -1.271 0.107975 0.000139558 0.0238762 0.545724 1.19289 0.534612 1.27378 0.537907 1.3566 0.555498 1.44141 0.000135221 0.0236157 0.279 2.7617e-35 0
3.13978 -0.107975 1.859 -1.271 0.107975 0.000139558 0.0238762 0.545724 1.19289 0.534612 1.27378 0.537907 1.3566 0.555498 1.44141 0.000135221 0.0236157 0.316 2.7617e-35 0
3.13978 -0.106797 1.859 -1.271 0.106797 0.000135221 0.0236157 0.545786 1.19293 0.534792 1.27388 0.538202 1.35676 0.55591 1.44163 0.00013103 0.0233582 0.307 1.75595e-35 0
3.13978 -0.106797 1.859 -1.271 0.106797 0.000135221 0.0236157 0.545786 1.19293 0.534792 1.27388 0.538202 1.35676 0.55591 1.44163 0.00013103 0.0233582 0.304 1.75595e-35 0
3.13978 -0.106797 1.859 -1.271 0.106797 0.000135221 0.0236157 0.545786 1.19293 0.534792 1.27388 0.538202 1.35676 0.55591 1.44163 0.00013103 0.0233582 0.303 1.75595e-35 0
3.13978 -0.106797 1.859 -1.271 0.106797 0.000135221 0.0236157 0.545786 1.19293 0.534792 1.27388 0.538202 1.35676 0.55591 1.44163 0.00013103 0.0233582 0.304 1.75595e-35 0
3.13978 -0.106797 1.859 -1.271 0.106797 0.000135221 0.0236157 0.545786 1.19293 0.534792 1.27388 0.538202 1.35676 0.55591 1.44163 0.00013103 0.0233582 0.317 1.75595e-35 0
3.13979 -0.105635 1.859 -1.271 0.105635 0.00013103 0.0233582 0.545847 1.19296 0.534971 1.27399 0.538493 1.35693 0.556317 1.44185 0.000126694 0.023104 0.304 4.57982e-37 0
3.13979 -0.105635 1.859 -1.271 0.105635 0.00013103 0.0233582 0.545847 1.19296 0.534971 1.27399 0.538493 1.35693 0.556317 1.44185 0.000126694 0.023104 0.306 4.57982e-37 0
3.13979 -0.105635 1.859 -1.271 0.105635 0.00013103 0.0233582 0.545847 1.19296 0.534971 1.27399 0.538493 1.35693 0.556317 1.44185 0.000126694 0.023104 0.303 4.57982e-37 0
3.13979 -0.105635 1.859 -1.271 0.105635 0.00013103 0.0233582 0.545847 1.19296 0.534971 1.27399 0.538493 1.35693 0.556317 1.44185 0.000126694 0.023104 0.309 4.57982e-37 0
3.13979 -0.105635 1.859 -1.271 0.105635 0.00013103 0.0233582 0.545847 1.19296 0.534971 1.27399 0.538493 1.35693 0.556317 1.44185 0.000126694 0.023104 0.318 4.57982e-37 0
3.1398 -0.104486 1.859 -1.271 0.104486 0.000126694 0.023104 0.545908 1.193 0.535148 1.27409 0.538781 1.35709 0.556718 1.44206 0.000122358 0.0228528 0.311 2.03761e-37 0
3.1398 -0.104486 1.859 -1.271 0.104486 0.000126694 0.023104 0.545908 1.193 0.535148 1.27409 0.538781 1.35709 0.556718 1.44206 0.000122358 0.0228528 0.304 2.03761e-37 0
3.1398 -0.104486 1.859 -1.271 0.104486 0.000126694 0.023104 0.545908 1.193 0.535148 1.27409 0.538781 1.35709 0.556718 1.44206 0.000122358 0.0228528 0.305 2.03761e-37 0
3.1398 -0.104486 1.859 -1.271 0.104486 0.000126694 0.023104 0.545908 1.193 0.535148 1.27409 0.538781 1.35709 0.556718 1.44206 0.000122358 0.0228528 0.311 2.03761e-37 0
3.1398 -0.104486 1.859 -1.271 0.104486 0.000126694 0.023104 0.545908 1.193 0.535148 1.27409 0.538781 1.35709 0.556718 1.44206 0.000122358 0.0228528 0.314 2.03761e-37 0
3.1398 -0.104486 1.859 -1.271 0.104486 0.000126694 0.023104 0.545908 1.193 0.535148 1.27409 0.538781 1.35709 0.556718 1.44206 0.000122358 0.0228528 0.307 2.03761e-37 0
3.1398 -0.10335 1.859 -1.271 0.10335 0.000122358 0.0228528 0.545968 1.19303 0.535322 1.27419 0.539066 1.35725 0.557115 1.44227 0.000118744 0.0226043 0.306 3.73495e-31 0
3.1398 -0.10335 1.859 -1.271 0.10335 0.000122358 0.0228528 0.545968 1.19303 0.535322 1.27419 0.539066 1.35725 0.557115 1.44227 0.000118744 0.0226043 0.303 3.73474e-31 0
3.1398 -0.10335 1.859 -1.271 0.10335 0.000122358 0.0228528 0.545968 1.19303 0.535322 1.27419 0.539066 1.35725 0.557115 1.44227 0.000118744 0.0226043 0.304 3.73495e-31 0
3.1398 -0.10335 1.859 -1.271 0.10335 0.000122358 0.0228528 0.545968 1.19303 0.535322 1.27419 0.539066 1.35725 0.557115 1.44227 0.000118744 0.0226043 0.311 3.73474e-31 0
3.1398 -0.10335 1.859 -1.271 0.10335 0.000122358 0.0228528 0.545968 1.19303 0.535322 1.27419 0.539066 1.35725 0.557115 1.44227 0.000118744 0.0226043 0.308 3.73495e-31 0
3.13981 -0.102229 1.859 -1.271 0.102229 0.000118744 0.0226043 0.546027 1.19306 0.535495 1.27428 0.539347 1.35741 0.557508 1.44248 0.000115131 0.0223591 0.303 5.08848e-38 0
3.13981 -0.102229 1.859 -1.271 0.102229 0.000118744 0.0226043 0.546027 1.19306 0.535495 1.27428 0.539347 1.35741 0.557508 1.44248 0.000115131 0.0223591 0.304 5.08848e-38 0
3.13981 -0.102229 1.859 -1.271 0.102229 0.000118744 0.0226043 0.546027 1.19306 0.535495 1.27428 0.539347 1.35741 0.557508 1.44248 0.000115131 0.0223591 0.303 5.08848e-38 0
3.13981 -0.102229 1.859 -1.271 0.102229 0.000118744 0.0226043 0.546027 1.19306 0.535495 1.27428 0.539347 1.35741 0.557508 1.44248 0.000115131 0.0223591 0.303 5.08848e-38 0
3.13981 -0.102229 1.859 -1.271 0.102229 0.000118744 0.0226043 0.546027 1.19306 0.535495 1.27428 0.539347 1.35741 0.557508 1.44248 0.000115131 0.0223591 0.307 5.08848e-38 0
3.13982 -0.10112 1.859 -1.271 0.10112 0.000115131 0.0223591 0.546085 1.1931 0.535665 1.27438 0.539624 1.35756 0.557895 1.44269 0.000112096 0.0221165 0.307 1.0729e-35 0
3.13982 -0.10112 1.859 -1.271 0.10112 0.000115131 0.0223591 0.546085 1.1931 0.535665 1.27438 0.539624 1.35756 0.557895 1.44269 0.000112096 0.0221165 0.304 1.0729e-35 0
3.13982 -0.10112 1.859 -1.271 0.10112 0.000115131 0.0223591 0.546085 1.1931 0.535665 1.27438 0.539624 1.35756 0.557895 1.44269 0.000112096 0.0221165 0.303 1.0729e-35 0
3.13982 -0.10112 1.859 -1.271 0.10112 0.000115131 0.0223591 0.546085 1.1931 0.535665 1.27438 0.539624 1.35756 0.557895 1.44269 0.000112096 0.0221165 0.304 1.0729e-35 0
3.13982 -0.10112 1.859 -1.271 0.10112 0.000115131 0.0223591 0.546085 1.1931 0.535665 1.27438 0.539624 1.35756 0.557895 1.44269 0.000112096 0.0221165 0.308 1.0729e-35 0
3.13982 -0.100025 1.859 -1.271 0.100025 0.000112096 0.0221165 0.546143 1.19313 0.535833 1.27448 0.539898 1.35772 0.558277 1.44289 0.00010935 0.0218769 0.306 5.00436e-35 0
3.13982 -0.100025 1.859 -1.271 0.100025 0.000112096 0.0221165 0.546143 1.19313 0.535833 1.27448 0.539898 1.35772 0.558277 1.44289 0.00010935 0.0218769 0.313 5.00436e-35 0
3.13982 -0.100025 1.859 -1.271 0.100025 0.000112096 0.0221165 0.546143 1.19313 0.535833 1.27448 0.539898 1.35772 0.558277 1.44289 0.00010935 0.0218769 0.305 5.00436e-35 0
3.13982 -0.100025 1.859 -1.271 0.100025 0.000112096 0.0221165 0.546143 1.19313 0.535833 1.27448 0.539898 1.35772 0.558277 1.44289 0.00010935 0.0218769 0.31 5.00436e-35 0
3.13982 -0.100025 1.859 -1.271 0.100025 0.000112096 0.0221165 0.546143 1.19313 0.535833 1.27448 0.539898 1.35772 0.558277 1.44289 0.00010935 0.0218769 0.304 5.00436e-35 0
3.13982 -0.100025 1.859 -1.271 0.100025 0.000112096 0.0221165 0.546143 1.19313 0.535833 1.27448 0.539898 1.35772 0.558277 1.44289 0.00010935 0.0218769 0.309 5.00436e-35 0
